-3000,4584
-2999,4571
-2998,4557
-2997,4561
-2996,4554
-2995,4547
-2994,4553
-2993,4559
-2992,4541
-2991,4547
-2990,4534
-2989,4537
-2988,4529
-2987,4519
-2986,4523
-2985,4528
-2984,4521
-2983,4511
-2982,4500
-2981,4506
-2980,4495
-2979,4501
-2978,4486
-2977,4487
-2976,4481
-2975,4479
-2974,4462
-2973,4465
-2972,4451
-2971,4445
-2970,4437
-2969,4442
-2968,4431
-2967,4443
-2966,4429
-2965,4426
-2964,4402
-2963,4416
-2962,4405
-2961,4390
-2960,4399
-2959,4396
-2958,4388
-2957,4389
-2956,4378
-2955,4376
-2954,4372
-2953,4370
-2952,4367
-2951,4363
-2950,4362
-2949,4346
-2948,4354
-2947,4348
-2946,4347
-2945,4353
-2944,4348
-2943,4348
-2942,4342
-2941,4348
-2940,4339
-2939,4334
-2938,4324
-2937,4330
-2936,4317
-2935,4321
-2934,4347
-2933,4336
-2932,4324
-2931,4327
-2930,4320
-2929,4320
-2928,4324
-2927,4317
-2926,4326
-2925,4328
-2924,4330
-2923,4318
-2922,4321
-2921,4323
-2920,4312
-2919,4326
-2918,4334
-2917,4327
-2916,4323
-2915,4313
-2914,4314
-2913,4322
-2912,4330
-2911,4319
-2910,4315
-2909,4308
-2908,4310
-2907,4316
-2906,4309
-2905,4312
-2904,4313
-2903,4323
-2902,4310
-2901,4306
-2900,4332
-2899,4311
-2898,4307
-2897,4320
-2896,4307
-2895,4311
-2894,4298
-2893,4308
-2892,4299
-2891,4314
-2890,4308
-2889,4311
-2888,4311
-2887,4299
-2886,4306
-2885,4308
-2884,4308
-2883,4311
-2882,4316
-2881,4300
-2880,4318
-2879,4299
-2878,4311
-2877,4308
-2876,4303
-2875,4309
-2874,4303
-2873,4303
-2872,4315
-2871,4312
-2870,4312
-2869,4325
-2868,4303
-2867,4318
-2866,4309
-2865,4319
-2864,4322
-2863,4327
-2862,4325
-2861,4320
-2860,4323
-2859,4314
-2858,4322
-2857,4326
-2856,4333
-2855,4328
-2854,4341
-2853,4331
-2852,4336
-2851,4333
-2850,4346
-2849,4332
-2848,4341
-2847,4344
-2846,4355
-2845,4341
-2844,4354
-2843,4344
-2842,4337
-2841,4354
-2840,4350
-2839,4352
-2838,4359
-2837,4339
-2836,4352
-2835,4335
-2834,4352
-2833,4343
-2832,4368
-2831,4366
-2830,4344
-2829,4355
-2828,4353
-2827,4352
-2826,4358
-2825,4348
-2824,4341
-2823,4354
-2822,4344
-2821,4348
-2820,4358
-2819,4352
-2818,4355
-2817,4348
-2816,4360
-2815,4355
-2814,4346
-2813,4344
-2812,4339
-2811,4335
-2810,4340
-2809,4341
-2808,4335
-2807,4328
-2806,4338
-2805,4339
-2804,4326
-2803,4332
-2802,4326
-2801,4336
-2800,4328
-2799,4327
-2798,4333
-2797,4339
-2796,4337
-2795,4326
-2794,4335
-2793,4332
-2792,4335
-2791,4329
-2790,4313
-2789,4327
-2788,4325
-2787,4320
-2786,4325
-2785,4322
-2784,4311
-2783,4322
-2782,4321
-2781,4316
-2780,4305
-2779,4311
-2778,4312
-2777,4314
-2776,4325
-2775,4335
-2774,4320
-2773,4314
-2772,4316
-2771,4315
-2770,4312
-2769,4312
-2768,4319
-2767,4316
-2766,4330
-2765,4306
-2764,4319
-2763,4315
-2762,4326
-2761,4317
-2760,4321
-2759,4331
-2758,4328
-2757,4335
-2756,4323
-2755,4310
-2754,4323
-2753,4326
-2752,4331
-2751,4327
-2750,4327
-2749,4331
-2748,4330
-2747,4330
-2746,4315
-2745,4335
-2744,4327
-2743,4335
-2742,4324
-2741,4325
-2740,4334
-2739,4326
-2738,4324
-2737,4320
-2736,4320
-2735,4344
-2734,4322
-2733,4339
-2732,4335
-2731,4343
-2730,4329
-2729,4318
-2728,4335
-2727,4330
-2726,4328
-2725,4327
-2724,4328
-2723,4329
-2722,4344
-2721,4332
-2720,4333
-2719,4323
-2718,4339
-2717,4351
-2716,4340
-2715,4340
-2714,4341
-2713,4336
-2712,4337
-2711,4336
-2710,4336
-2709,4342
-2708,4355
-2707,4333
-2706,4344
-2705,4343
-2704,4336
-2703,4346
-2702,4350
-2701,4357
-2700,4363
-2699,4366
-2698,4371
-2697,4374
-2696,4381
-2695,4389
-2694,4383
-2693,4393
-2692,4393
-2691,4410
-2690,4414
-2689,4416
-2688,4425
-2687,4427
-2686,4436
-2685,4451
-2684,4462
-2683,4455
-2682,4465
-2681,4469
-2680,4488
-2679,4494
-2678,4492
-2677,4527
-2676,4525
-2675,4527
-2674,4525
-2673,4548
-2672,4546
-2671,4570
-2670,4569
-2669,4579
-2668,4594
-2667,4602
-2666,4606
-2665,4622
-2664,4638
-2663,4640
-2662,4664
-2661,4649
-2660,4663
-2659,4674
-2658,4670
-2657,4685
-2656,4696
-2655,4720
-2654,4712
-2653,4713
-2652,4736
-2651,4730
-2650,4744
-2649,4753
-2648,4753
-2647,4760
-2646,4788
-2645,4783
-2644,4792
-2643,4785
-2642,4793
-2641,4798
-2640,4803
-2639,4797
-2638,4805
-2637,4806
-2636,4805
-2635,4804
-2634,4805
-2633,4793
-2632,4791
-2631,4782
-2630,4782
-2629,4773
-2628,4786
-2627,4777
-2626,4775
-2625,4762
-2624,4757
-2623,4754
-2622,4743
-2621,4723
-2620,4726
-2619,4727
-2618,4706
-2617,4691
-2616,4677
-2615,4680
-2614,4667
-2613,4651
-2612,4630
-2611,4631
-2610,4620
-2609,4606
-2608,4608
-2607,4598
-2606,4578
-2605,4575
-2604,4550
-2603,4555
-2602,4533
-2601,4521
-2600,4508
-2599,4501
-2598,4498
-2597,4489
-2596,4471
-2595,4467
-2594,4452
-2593,4449
-2592,4441
-2591,4443
-2590,4436
-2589,4422
-2588,4430
-2587,4421
-2586,4427
-2585,4412
-2584,4397
-2583,4404
-2582,4393
-2581,4401
-2580,4392
-2579,4383
-2578,4371
-2577,4375
-2576,4378
-2575,4374
-2574,4367
-2573,4373
-2572,4369
-2571,4354
-2570,4366
-2569,4371
-2568,4352
-2567,4362
-2566,4359
-2565,4355
-2564,4367
-2563,4369
-2562,4362
-2561,4354
-2560,4373
-2559,4360
-2558,4361
-2557,4360
-2556,4356
-2555,4357
-2554,4361
-2553,4363
-2552,4359
-2551,4356
-2550,4365
-2549,4364
-2548,4361
-2547,4358
-2546,4350
-2545,4358
-2544,4349
-2543,4348
-2542,4353
-2541,4349
-2540,4351
-2539,4351
-2538,4350
-2537,4358
-2536,4347
-2535,4361
-2534,4354
-2533,4354
-2532,4347
-2531,4346
-2530,4327
-2529,4331
-2528,4331
-2527,4336
-2526,4326
-2525,4331
-2524,4338
-2523,4335
-2522,4335
-2521,4336
-2520,4328
-2519,4346
-2518,4346
-2517,4342
-2516,4343
-2515,4343
-2514,4337
-2513,4348
-2512,4339
-2511,4347
-2510,4342
-2509,4359
-2508,4353
-2507,4365
-2506,4357
-2505,4355
-2504,4369
-2503,4379
-2502,4382
-2501,4379
-2500,4376
-2499,4388
-2498,4397
-2497,4407
-2496,4410
-2495,4375
-2494,4387
-2493,4392
-2492,4419
-2491,4419
-2490,4412
-2489,4406
-2488,4414
-2487,4423
-2486,4432
-2485,4427
-2484,4445
-2483,4437
-2482,4451
-2481,4442
-2480,4432
-2479,4458
-2478,4447
-2477,4468
-2476,4448
-2475,4455
-2474,4461
-2473,4457
-2472,4449
-2471,4464
-2470,4459
-2469,4476
-2468,4462
-2467,4463
-2466,4468
-2465,4454
-2464,4462
-2463,4461
-2462,4446
-2461,4451
-2460,4446
-2459,4455
-2458,4453
-2457,4446
-2456,4447
-2455,4441
-2454,4437
-2453,4431
-2452,4436
-2451,4441
-2450,4419
-2449,4439
-2448,4418
-2447,4434
-2446,4436
-2445,4410
-2444,4413
-2443,4412
-2442,4406
-2441,4401
-2440,4404
-2439,4404
-2438,4389
-2437,4392
-2436,4388
-2435,4376
-2434,4361
-2433,4371
-2432,4367
-2431,4354
-2430,4358
-2429,4363
-2428,4360
-2427,4351
-2426,4349
-2425,4356
-2424,4348
-2423,4347
-2422,4348
-2421,4332
-2420,4339
-2419,4333
-2418,4343
-2417,4340
-2416,4345
-2415,4340
-2414,4330
-2413,4331
-2412,4328
-2411,4334
-2410,4323
-2409,4338
-2408,4333
-2407,4317
-2406,4333
-2405,4330
-2404,4328
-2403,4321
-2402,4329
-2401,4318
-2400,4329
-2399,4320
-2398,4327
-2397,4325
-2396,4323
-2395,4324
-2394,4324
-2393,4320
-2392,4320
-2391,4318
-2390,4332
-2389,4314
-2388,4332
-2387,4324
-2386,4320
-2385,4331
-2384,4332
-2383,4314
-2382,4320
-2381,4328
-2380,4326
-2379,4332
-2378,4325
-2377,4327
-2376,4321
-2375,4312
-2374,4316
-2373,4325
-2372,4324
-2371,4323
-2370,4329
-2369,4324
-2368,4335
-2367,4329
-2366,4333
-2365,4326
-2364,4333
-2363,4328
-2362,4343
-2361,4336
-2360,4332
-2359,4347
-2358,4342
-2357,4339
-2356,4342
-2355,4345
-2354,4358
-2353,4345
-2352,4362
-2351,4350
-2349,4357
-2348,4379
-2347,4362
-2346,4378
-2345,4375
-2344,4382
-2343,4386
-2342,4386
-2341,4399
-2340,4406
-2339,4387
-2338,4413
-2337,4412
-2336,4423
-2335,4420
-2334,4446
-2333,4448
-2332,4454
-2331,4445
-2330,4462
-2329,4470
-2328,4486
-2327,4493
-2326,4500
-2325,4518
-2324,4533
-2323,4536
-2322,4542
-2321,4562
-2320,4578
-2319,4571
-2318,4591
-2317,4597
-2316,4632
-2315,4623
-2314,4634
-2313,4650
-2312,4666
-2311,4671
-2310,4686
-2309,4697
-2308,4696
-2307,4720
-2306,4710
-2305,4726
-2304,4750
-2303,4751
-2302,4758
-2301,4769
-2300,4782
-2299,4781
-2298,4796
-2297,4799
-2296,4816
-2295,4817
-2294,4822
-2293,4824
-2292,4824
-2291,4836
-2290,4825
-2289,4829
-2288,4836
-2287,4850
-2286,4837
-2285,4844
-2284,4831
-2283,4837
-2282,4831
-2281,4829
-2280,4826
-2279,4815
-2278,4814
-2277,4810
-2276,4805
-2275,4809
-2274,4792
-2273,4802
-2272,4784
-2271,4768
-2270,4754
-2269,4748
-2268,4747
-2267,4737
-2266,4742
-2265,4716
-2264,4706
-2263,4690
-2262,4693
-2261,4681
-2260,4671
-2259,4665
-2258,4659
-2257,4638
-2256,4632
-2255,4624
-2254,4606
-2253,4595
-2252,4589
-2251,4560
-2250,4546
-2249,4553
-2248,4542
-2247,4529
-2246,4527
-2245,4507
-2244,4499
-2243,4487
-2242,4478
-2241,4480
-2240,4463
-2239,4462
-2238,4454
-2237,4439
-2236,4437
-2235,4435
-2234,4427
-2233,4417
-2232,4426
-2231,4426
-2230,4420
-2229,4415
-2228,4419
-2227,4399
-2226,4399
-2225,4407
-2224,4404
-2223,4407
-2222,4415
-2221,4403
-2220,4406
-2219,4400
-2218,4406
-2217,4409
-2216,4403
-2215,4426
-2214,4404
-2213,4407
-2212,4410
-2211,4421
-2210,4417
-2209,4420
-2208,4422
-2207,4405
-2206,4407
-2205,4415
-2204,4410
-2203,4425
-2202,4409
-2201,4418
-2200,4424
-2199,4410
-2198,4412
-2197,4415
-2196,4411
-2195,4414
-2194,4408
-2193,4408
-2192,4405
-2191,4415
-2190,4416
-2189,4404
-2188,4411
-2187,4400
-2186,4416
-2185,4402
-2184,4403
-2183,4407
-2182,4407
-2181,4407
-2180,4409
-2179,4408
-2178,4409
-2177,4421
-2176,4418
-2175,4426
-2174,4429
-2173,4433
-2172,4433
-2171,4447
-2170,4448
-2169,4433
-2168,4449
-2167,4451
-2166,4462
-2165,4469
-2164,4471
-2163,4488
-2162,4497
-2161,4508
-2160,4507
-2159,4521
-2158,4537
-2157,4545
-2156,4549
-2155,4560
-2154,4580
-2153,4584
-2152,4604
-2151,4612
-2150,4640
-2149,4641
-2148,4661
-2147,4679
-2146,4697
-2145,4713
-2144,4729
-2143,4758
-2142,4769
-2141,4788
-2140,4796
-2139,4819
-2138,4826
-2137,4840
-2136,4863
-2135,4877
-2134,4881
-2133,4895
-2132,4915
-2131,4926
-2130,4937
-2129,4946
-2128,4963
-2127,4953
-2126,4975
-2125,4969
-2124,4979
-2123,4981
-2122,4994
-2121,4989
-2120,5004
-2119,4997
-2118,4995
-2117,4989
-2116,4981
-2115,5004
-2114,4987
-2113,4995
-2112,4980
-2111,4970
-2110,4960
-2109,4955
-2108,4943
-2107,4932
-2106,4923
-2105,4910
-2104,4904
-2103,4894
-2102,4880
-2101,4862
-2100,4858
-2099,4834
-2098,4825
-2097,4810
-2096,4785
-2095,4768
-2094,4757
-2093,4753
-2092,4734
-2091,4718
-2090,4708
-2089,4684
-2088,4659
-2087,4658
-2086,4656
-2085,4629
-2084,4618
-2083,4598
-2082,4596
-2081,4578
-2080,4568
-2079,4550
-2078,4534
-2077,4536
-2076,4508
-2075,4519
-2074,4509
-2073,4504
-2072,4481
-2071,4482
-2070,4475
-2069,4466
-2068,4440
-2067,4439
-2066,4435
-2065,4431
-2064,4420
-2063,4417
-2062,4406
-2061,4422
-2060,4400
-2059,4409
-2058,4407
-2057,4393
-2056,4391
-2055,4385
-2054,4383
-2053,4372
-2052,4379
-2051,4380
-2050,4376
-2049,4359
-2048,4363
-2047,4360
-2046,4362
-2045,4351
-2044,4358
-2043,4336
-2042,4345
-2041,4344
-2040,4351
-2039,4329
-2038,4335
-2037,4329
-2036,4326
-2035,4334
-2034,4337
-2033,4324
-2032,4327
-2031,4319
-2030,4323
-2029,4321
-2028,4317
-2027,4326
-2026,4325
-2025,4328
-2024,4318
-2023,4322
-2022,4333
-2021,4314
-2020,4315
-2019,4323
-2018,4321
-2017,4319
-2016,4317
-2015,4314
-2014,4314
-2013,4316
-2012,4317
-2011,4306
-2010,4310
-2009,4308
-2008,4315
-2007,4314
-2006,4323
-2005,4311
-2004,4308
-2003,4318
-2002,4308
-2001,4316
-2000,4322
-1999,4316
-1998,4329
-1997,4325
-1996,4332
-1995,4335
-1994,4340
-1993,4314
-1992,4338
-1991,4328
-1990,4324
-1989,4342
-1988,4336
-1987,4335
-1986,4355
-1985,4352
-1984,4350
-1983,4347
-1982,4344
-1981,4353
-1980,4348
-1979,4342
-1978,4350
-1977,4354
-1976,4353
-1975,4350
-1974,4370
-1973,4369
-1972,4381
-1971,4362
-1970,4369
-1969,4380
-1968,4385
-1967,4378
-1966,4397
-1965,4398
-1964,4400
-1963,4405
-1962,4403
-1961,4421
-1960,4437
-1959,4437
-1958,4449
-1957,4456
-1956,4455
-1955,4463
-1954,4479
-1953,4493
-1952,4505
-1951,4518
-1950,4538
-1949,4541
-1948,4546
-1947,4562
-1946,4574
-1945,4590
-1944,4600
-1943,4613
-1942,4634
-1941,4648
-1940,4646
-1939,4655
-1938,4678
-1937,4703
-1936,4710
-1935,4708
-1934,4733
-1933,4736
-1932,4756
-1931,4760
-1930,4781
-1929,4789
-1928,4792
-1927,4808
-1926,4820
-1925,4829
-1924,4832
-1923,4835
-1922,4841
-1921,4845
-1920,4842
-1919,4853
-1918,4852
-1917,4855
-1916,4861
-1915,4844
-1914,4858
-1913,4838
-1912,4829
-1911,4823
-1910,4832
-1909,4819
-1908,4805
-1907,4799
-1906,4790
-1905,4782
-1904,4778
-1903,4763
-1902,4758
-1901,4731
-1900,4720
-1899,4701
-1898,4692
-1897,4674
-1896,4654
-1895,4647
-1894,4637
-1893,4625
-1892,4616
-1891,4598
-1890,4588
-1889,4570
-1888,4565
-1887,4528
-1886,4518
-1885,4520
-1884,4507
-1883,4498
-1882,4492
-1881,4485
-1880,4484
-1879,4468
-1878,4459
-1877,4466
-1876,4454
-1875,4443
-1874,4440
-1873,4436
-1872,4444
-1871,4423
-1870,4435
-1869,4418
-1868,4442
-1867,4428
-1866,4447
-1865,4446
-1864,4433
-1863,4443
-1862,4445
-1861,4445
-1860,4437
-1859,4451
-1858,4460
-1857,4466
-1856,4465
-1855,4463
-1854,4474
-1853,4478
-1852,4479
-1851,4484
-1850,4479
-1849,4493
-1848,4514
-1847,4503
-1846,4510
-1845,4517
-1844,4517
-1843,4531
-1842,4528
-1841,4529
-1840,4537
-1839,4532
-1838,4543
-1837,4537
-1836,4531
-1835,4546
-1834,4530
-1833,4537
-1832,4527
-1831,4529
-1830,4530
-1829,4535
-1828,4543
-1827,4548
-1826,4541
-1825,4543
-1824,4545
-1823,4546
-1822,4541
-1821,4556
-1820,4561
-1819,4565
-1818,4572
-1817,4578
-1816,4598
-1815,4598
-1814,4618
-1813,4630
-1812,4647
-1811,4671
-1810,4682
-1809,4717
-1808,4748
-1807,4758
-1806,4785
-1805,4830
-1804,4859
-1803,4883
-1802,4927
-1801,4963
-1800,5011
-1799,5055
-1798,5101
-1797,5146
-1796,5200
-1795,5217
-1794,5279
-1793,5317
-1792,5387
-1791,5448
-1790,5517
-1789,5557
-1788,5620
-1787,5682
-1786,5748
-1785,5786
-1784,5852
-1783,5895
-1782,5964
-1781,5998
-1780,6081
-1779,6116
-1778,6173
-1777,6200
-1776,6276
-1775,6313
-1774,6354
-1773,6393
-1772,6471
-1771,6493
-1770,6545
-1769,6556
-1768,6609
-1767,6655
-1766,6683
-1765,6711
-1764,6749
-1763,6767
-1762,6789
-1761,6788
-1760,6827
-1759,6841
-1758,6858
-1757,6873
-1756,6861
-1755,6862
-1754,6870
-1753,6856
-1752,6856
-1751,6858
-1750,6850
-1749,6821
-1748,6802
-1747,6794
-1746,6750
-1745,6704
-1744,6677
-1743,6637
-1742,6599
-1741,6556
-1740,6488
-1739,6461
-1738,6398
-1737,6352
-1736,6289
-1735,6231
-1734,6184
-1733,6118
-1732,6058
-1731,6002
-1730,5949
-1729,5870
-1728,5816
-1727,5754
-1726,5673
-1725,5611
-1724,5534
-1723,5487
-1722,5414
-1721,5367
-1720,5314
-1719,5263
-1718,5209
-1717,5168
-1716,5106
-1715,5068
-1714,5007
-1713,4977
-1712,4932
-1711,4895
-1710,4846
-1709,4811
-1708,4758
-1707,4748
-1706,4713
-1705,4698
-1704,4659
-1703,4651
-1702,4617
-1701,4608
-1700,4598
-1699,4568
-1698,4561
-1697,4542
-1696,4544
-1695,4542
-1694,4526
-1693,4526
-1692,4522
-1691,4515
-1690,4523
-1689,4520
-1688,4525
-1687,4531
-1686,4537
-1685,4527
-1684,4528
-1683,4523
-1682,4514
-1681,4538
-1680,4520
-1679,4531
-1678,4525
-1677,4540
-1676,4528
-1675,4525
-1674,4535
-1673,4542
-1672,4540
-1671,4534
-1670,4537
-1669,4535
-1668,4525
-1667,4535
-1666,4529
-1665,4532
-1664,4527
-1663,4515
-1662,4510
-1661,4505
-1660,4502
-1659,4502
-1658,4492
-1657,4484
-1656,4464
-1655,4475
-1654,4469
-1653,4463
-1652,4465
-1651,4447
-1650,4448
-1649,4439
-1648,4443
-1647,4434
-1646,4429
-1645,4422
-1644,4412
-1643,4406
-1642,4392
-1641,4397
-1640,4384
-1639,4382
-1638,4379
-1637,4391
-1636,4386
-1635,4384
-1634,4379
-1633,4389
-1632,4364
-1631,4377
-1630,4379
-1629,4370
-1628,4385
-1627,4383
-1626,4389
-1625,4390
-1624,4404
-1623,4406
-1622,4414
-1621,4402
-1620,4416
-1619,4417
-1618,4424
-1617,4422
-1616,4429
-1615,4435
-1614,4433
-1613,4440
-1612,4451
-1611,4456
-1610,4457
-1609,4455
-1608,4454
-1607,4463
-1606,4477
-1605,4477
-1604,4479
-1603,4471
-1602,4488
-1601,4480
-1600,4499
-1599,4511
-1598,4502
-1597,4500
-1596,4513
-1595,4508
-1594,4514
-1593,4523
-1592,4513
-1591,4524
-1590,4524
-1589,4526
-1588,4526
-1587,4525
-1586,4528
-1585,4539
-1584,4530
-1583,4538
-1582,4542
-1581,4537
-1580,4535
-1579,4548
-1578,4546
-1577,4543
-1576,4537
-1575,4535
-1574,4532
-1573,4549
-1572,4528
-1571,4547
-1570,4545
-1569,4544
-1568,4543
-1567,4542
-1566,4546
-1565,4526
-1564,4536
-1563,4544
-1562,4539
-1561,4537
-1560,4545
-1559,4533
-1558,4530
-1557,4532
-1556,4521
-1555,4524
-1554,4517
-1553,4527
-1552,4525
-1551,4519
-1550,4512
-1549,4518
-1548,4505
-1547,4492
-1546,4513
-1545,4491
-1544,4498
-1543,4492
-1542,4492
-1541,4479
-1540,4470
-1539,4468
-1538,4466
-1537,4464
-1536,4455
-1535,4445
-1534,4442
-1533,4446
-1532,4438
-1531,4427
-1530,4421
-1529,4416
-1528,4411
-1527,4422
-1526,4412
-1525,4403
-1524,4402
-1523,4399
-1522,4398
-1521,4393
-1520,4398
-1519,4386
-1518,4401
-1517,4395
-1516,4400
-1515,4390
-1514,4400
-1513,4403
-1512,4401
-1511,4411
-1510,4408
-1509,4422
-1508,4420
-1507,4433
-1506,4431
-1505,4434
-1504,4434
-1503,4428
-1502,4442
-1501,4437
-1500,4456
-1499,4472
-1498,4457
-1497,4469
-1496,4483
-1495,4480
-1494,4489
-1493,4477
-1492,4491
-1491,4505
-1490,4499
-1489,4498
-1488,4517
-1487,4508
-1486,4504
-1485,4511
-1484,4510
-1483,4518
-1482,4511
-1481,4513
-1480,4516
-1479,4516
-1478,4518
-1477,4530
-1476,4535
-1475,4531
-1474,4524
-1473,4528
-1472,4543
-1471,4539
-1470,4546
-1469,4558
-1468,4568
-1467,4564
-1466,4578
-1465,4579
-1464,4608
-1463,4607
-1462,4651
-1461,4650
-1460,4667
-1459,4684
-1458,4710
-1457,4744
-1456,4770
-1455,4783
-1454,4839
-1453,4879
-1452,4917
-1451,4939
-1450,5009
-1449,5070
-1448,5133
-1447,5180
-1446,5219
-1445,5291
-1444,5356
-1443,5442
-1442,5540
-1441,5620
-1440,5758
-1439,5842
-1438,5963
-1437,6050
-1436,6175
-1435,6251
-1434,6362
-1433,6448
-1432,6585
-1431,6680
-1430,6829
-1429,6928
-1428,7064
-1427,7169
-1426,7303
-1425,7421
-1424,7589
-1423,7686
-1422,7843
-1421,7938
-1420,8089
-1419,8188
-1418,8308
-1417,8417
-1416,8562
-1415,8643
-1414,8772
-1413,8835
-1412,8961
-1411,9037
-1410,9138
-1409,9191
-1408,9274
-1407,9304
-1406,9396
-1405,9415
-1404,9475
-1403,9507
-1402,9545
-1401,9582
-1400,9579
-1399,9581
-1398,9588
-1397,9575
-1396,9570
-1395,9518
-1394,9510
-1393,9472
-1392,9439
-1391,9397
-1390,9350
-1389,9261
-1388,9199
-1387,9117
-1386,9040
-1385,8951
-1384,8852
-1383,8773
-1382,8664
-1381,8577
-1380,8465
-1379,8360
-1378,8261
-1377,8178
-1376,8051
-1375,7946
-1374,7828
-1373,7723
-1372,7588
-1371,7482
-1370,7361
-1369,7255
-1368,7127
-1367,7032
-1366,6914
-1365,6825
-1364,6702
-1363,6613
-1362,6507
-1361,6399
-1360,6285
-1359,6195
-1358,6086
-1357,5993
-1356,5890
-1355,5820
-1354,5711
-1353,5627
-1352,5520
-1351,5472
-1350,5379
-1349,5308
-1348,5233
-1347,5174
-1346,5118
-1345,5053
-1344,5018
-1343,4963
-1342,4933
-1341,4902
-1340,4883
-1339,4873
-1338,4840
-1337,4833
-1336,4829
-1335,4813
-1334,4815
-1333,4810
-1332,4814
-1331,4820
-1330,4816
-1329,4829
-1328,4851
-1327,4858
-1326,4860
-1325,4893
-1324,4891
-1323,4909
-1322,4912
-1321,4914
-1320,4935
-1319,4948
-1318,4959
-1317,4957
-1316,4955
-1315,4957
-1314,4969
-1313,4955
-1312,4961
-1311,4957
-1310,4953
-1309,4946
-1308,4936
-1307,4929
-1306,4913
-1305,4917
-1304,4895
-1303,4885
-1302,4864
-1301,4854
-1300,4830
-1299,4823
-1298,4797
-1297,4788
-1296,4773
-1295,4757
-1294,4753
-1293,4749
-1292,4739
-1291,4730
-1290,4723
-1289,4713
-1288,4724
-1287,4725
-1286,4731
-1285,4731
-1284,4742
-1283,4759
-1282,4782
-1281,4794
-1280,4815
-1279,4836
-1278,4862
-1277,4893
-1276,4933
-1275,4970
-1274,5014
-1273,5052
-1272,5117
-1271,5165
-1270,5224
-1269,5287
-1268,5373
-1267,5400
-1266,5476
-1265,5547
-1264,5650
-1263,5711
-1262,5808
-1261,5862
-1260,5974
-1259,6034
-1258,6122
-1257,6220
-1256,6335
-1255,6409
-1254,6522
-1253,6601
-1252,6718
-1251,6784
-1250,6896
-1249,6963
-1248,7070
-1247,7157
-1246,7249
-1245,7305
-1244,7402
-1243,7460
-1242,7547
-1241,7603
-1240,7692
-1239,7715
-1238,7790
-1237,7832
-1236,7885
-1235,7908
-1234,7945
-1233,7952
-1232,8003
-1231,7992
-1230,8023
-1229,8004
-1228,7998
-1227,7998
-1226,7984
-1225,7963
-1224,7940
-1223,7911
-1222,7876
-1221,7830
-1220,7789
-1219,7741
-1218,7675
-1217,7636
-1216,7565
-1215,7488
-1214,7421
-1213,7359
-1212,7273
-1211,7195
-1210,7122
-1209,7028
-1208,6950
-1207,6867
-1206,6780
-1205,6697
-1204,6611
-1203,6533
-1202,6430
-1201,6367
-1200,6269
-1199,6195
-1198,6101
-1197,6012
-1196,5926
-1195,5853
-1194,5776
-1193,5711
-1192,5626
-1191,5564
-1190,5487
-1189,5427
-1188,5353
-1187,5306
-1186,5233
-1185,5178
-1184,5108
-1183,5075
-1182,5024
-1181,4982
-1180,4922
-1179,4892
-1178,4839
-1177,4801
-1176,4768
-1175,4747
-1174,4714
-1173,4692
-1172,4670
-1171,4654
-1170,4629
-1169,4609
-1168,4582
-1167,4576
-1166,4553
-1165,4544
-1164,4548
-1163,4531
-1162,4531
-1161,4510
-1160,4512
-1159,4510
-1158,4517
-1157,4507
-1156,4519
-1155,4515
-1154,4522
-1153,4519
-1152,4529
-1151,4536
-1150,4539
-1149,4548
-1148,4554
-1147,4564
-1146,4575
-1145,4576
-1144,4583
-1143,4594
-1142,4606
-1141,4606
-1140,4607
-1139,4632
-1138,4620
-1137,4631
-1136,4640
-1135,4659
-1134,4666
-1133,4655
-1132,4658
-1131,4663
-1130,4662
-1129,4667
-1128,4663
-1127,4677
-1126,4675
-1125,4651
-1124,4648
-1123,4663
-1122,4641
-1121,4657
-1120,4633
-1119,4647
-1118,4631
-1117,4645
-1116,4614
-1115,4619
-1114,4629
-1113,4619
-1112,4626
-1111,4626
-1110,4629
-1109,4642
-1108,4643
-1107,4656
-1106,4673
-1105,4679
-1104,4711
-1103,4722
-1102,4747
-1101,4762
-1100,4809
-1099,4842
-1098,4888
-1097,4920
-1096,4979
-1095,5015
-1094,5080
-1093,5137
-1092,5215
-1091,5267
-1090,5355
-1089,5403
-1088,5517
-1087,5596
-1086,5707
-1085,5776
-1084,5909
-1083,5977
-1082,6109
-1081,6219
-1080,6344
-1079,6446
-1078,6599
-1077,6697
-1076,6844
-1075,6970
-1074,7107
-1073,7240
-1072,7406
-1071,7524
-1070,7701
-1069,7803
-1068,8001
-1067,8115
-1066,8287
-1065,8410
-1064,8596
-1063,8697
-1062,8895
-1061,9031
-1060,9187
-1059,9297
-1058,9473
-1057,9595
-1056,9763
-1055,9871
-1054,10017
-1053,10104
-1052,10255
-1051,10355
-1050,10488
-1049,10551
-1048,10676
-1047,10720
-1046,10815
-1045,10866
-1044,10915
-1043,10943
-1042,10991
-1041,11011
-1040,11026
-1039,11002
-1038,11002
-1037,10983
-1036,10947
-1035,10882
-1034,10839
-1033,10774
-1032,10693
-1031,10599
-1030,10491
-1029,10406
-1028,10264
-1027,10163
-1026,10010
-1025,9870
-1024,9691
-1023,9557
-1022,9380
-1021,9239
-1020,9047
-1019,8896
-1018,8708
-1017,8543
-1016,8351
-1015,8196
-1014,7998
-1013,7829
-1012,7648
-1011,7468
-1010,7294
-1009,7133
-1008,6936
-1007,6804
-1006,6624
-1005,6488
-1004,6335
-1003,6214
-1002,6073
-1001,5964
-1000,5841
-999,5749
-998,5640
-997,5564
-996,5478
-995,5411
-994,5322
-993,5278
-992,5211
-991,5185
-990,5135
-989,5101
-988,5090
-987,5084
-986,5069
-985,5068
-984,5075
-983,5061
-982,5085
-981,5109
-980,5137
-979,5149
-978,5191
-977,5220
-976,5267
-975,5278
-974,5321
-973,5369
-972,5405
-971,5441
-970,5481
-969,5503
-968,5557
-967,5596
-966,5638
-965,5652
-964,5686
-963,5702
-962,5728
-961,5736
-960,5779
-959,5775
-958,5806
-957,5803
-956,5802
-955,5804
-954,5804
-953,5788
-952,5768
-951,5751
-950,5719
-949,5689
-948,5671
-947,5636
-946,5601
-945,5565
-944,5526
-943,5486
-942,5460
-941,5425
-940,5394
-939,5354
-938,5327
-937,5309
-936,5303
-935,5300
-934,5298
-933,5296
-932,5312
-931,5331
-930,5369
-929,5400
-928,5463
-927,5531
-926,5629
-925,5714
-924,5856
-923,5955
-922,6119
-921,6263
-920,6484
-919,6653
-918,6889
-917,7086
-916,7368
-915,7590
-914,7911
-913,8167
-912,8544
-911,8816
-910,9221
-909,9518
-908,9925
-907,10207
-906,10660
-905,11007
-904,11513
-903,11845
-902,12349
-901,12711
-900,13235
-899,13593
-898,14061
-897,14387
-896,14900
-895,15205
-894,15686
-893,15978
-892,16465
-891,16697
-890,17170
-889,17438
-888,17884
-887,18115
-886,18522
-885,18772
-884,19115
-883,19280
-882,19625
-881,19851
-880,20152
-879,20261
-878,20529
-877,20621
-876,20842
-875,20844
-874,20939
-873,20939
-872,21073
-871,21043
-870,21117
-869,21089
-868,21158
-867,21066
-866,21015
-865,20891
-864,20778
-863,20624
-862,20421
-861,20248
-860,20032
-859,19810
-858,19518
-857,19268
-856,18959
-855,18660
-854,18342
-853,17998
-852,17565
-851,17158
-850,16720
-849,16325
-848,15889
-847,15538
-846,15071
-845,14665
-844,14204
-843,13848
-842,13399
-841,13056
-840,12619
-839,12258
-838,11788
-837,11424
-836,10968
-835,10640
-834,10206
-833,9844
-832,9450
-831,9124
-830,8737
-829,8448
-828,8115
-827,7850
-826,7537
-825,7309
-824,7038
-823,6831
-822,6578
-821,6421
-820,6205
-819,6067
-818,5895
-817,5786
-816,5647
-815,5553
-814,5449
-813,5390
-812,5312
-811,5268
-810,5213
-809,5174
-808,5147
-807,5131
-806,5122
-805,5137
-804,5145
-803,5141
-802,5162
-801,5181
-800,5211
-799,5223
-798,5248
-797,5285
-796,5295
-795,5318
-794,5364
-793,5365
-792,5405
-791,5431
-790,5448
-789,5472
-788,5490
-787,5496
-786,5505
-785,5531
-784,5528
-783,5523
-782,5522
-781,5518
-780,5495
-779,5495
-778,5474
-777,5450
-776,5432
-775,5416
-774,5397
-773,5378
-772,5343
-771,5316
-770,5298
-769,5254
-768,5229
-767,5195
-766,5161
-765,5128
-764,5067
-763,5040
-762,5000
-761,4963
-760,4949
-759,4909
-758,4897
-757,4863
-756,4837
-755,4827
-754,4801
-753,4796
-752,4790
-751,4799
-750,4804
-749,4821
-748,4842
-747,4868
-746,4898
-745,4943
-744,4995
-743,5052
-742,5131
-741,5191
-740,5270
-739,5352
-738,5465
-737,5567
-736,5699
-735,5816
-734,5964
-733,6082
-732,6257
-731,6401
-730,6592
-729,6740
-728,6960
-727,7116
-726,7339
-725,7507
-724,7741
-723,7889
-722,8118
-721,8291
-720,8545
-719,8739
-718,9011
-717,9176
-716,9433
-715,9598
-714,9833
-713,10004
-712,10255
-711,10423
-710,10670
-709,10811
-708,11037
-707,11148
-706,11351
-705,11461
-704,11656
-703,11778
-702,11966
-701,12061
-700,12228
-699,12296
-698,12427
-697,12499
-696,12637
-695,12679
-694,12761
-693,12778
-692,12840
-691,12860
-690,12882
-689,12879
-688,12891
-687,12863
-686,12829
-685,12745
-684,12696
-683,12623
-682,12554
-681,12460
-680,12355
-679,12261
-678,12141
-677,12009
-676,11888
-675,11766
-674,11631
-673,11459
-672,11294
-671,11129
-670,10940
-669,10748
-668,10561
-667,10394
-666,10194
-665,10004
-664,9770
-663,9593
-662,9353
-661,9163
-660,8932
-659,8745
-658,8532
-657,8327
-656,8085
-655,7893
-654,7665
-653,7498
-652,7262
-651,7093
-650,6889
-649,6729
-648,6501
-647,6359
-646,6154
-645,6023
-644,5874
-643,5770
-642,5637
-641,5535
-640,5436
-639,5354
-638,5242
-637,5176
-636,5098
-635,5049
-634,5020
-633,4981
-632,4976
-631,4961
-630,4956
-629,4970
-628,4993
-627,5020
-626,5057
-625,5100
-624,5165
-623,5206
-622,5262
-621,5310
-620,5389
-619,5442
-618,5539
-617,5585
-616,5669
-615,5724
-614,5795
-613,5841
-612,5921
-611,5978
-610,6028
-609,6073
-608,6136
-607,6162
-606,6216
-605,6234
-604,6257
-603,6277
-602,6268
-601,6290
-600,6273
-599,6267
-598,6245
-597,6200
-596,6182
-595,6158
-594,6119
-593,6071
-592,6028
-591,5981
-590,5938
-589,5882
-588,5828
-587,5795
-586,5762
-585,5706
-584,5664
-583,5652
-582,5619
-581,5604
-580,5587
-579,5581
-578,5611
-577,5614
-576,5651
-575,5695
-574,5780
-573,5842
-572,5952
-571,6041
-570,6183
-569,6302
-568,6499
-567,6639
-566,6886
-565,7079
-564,7365
-563,7575
-562,7933
-561,8199
-560,8678
-559,9004
-558,9498
-557,9881
-556,10459
-555,10901
-554,11559
-553,12089
-552,12879
-551,13528
-550,14449
-549,15255
-548,16202
-547,16886
-546,17870
-545,18671
-544,19736
-543,20466
-542,21488
-541,22204
-540,23214
-539,23882
-538,24884
-537,25647
-536,26728
-535,27408
-534,28500
-533,29228
-532,30252
-531,30887
-530,31860
-529,32591
-528,33468
-527,34040
-526,34963
-525,35525
-524,36356
-523,36723
-522,37453
-521,37765
-520,38555
-519,38813
-518,39298
-517,39486
-516,39714
-515,39821
-514,39995
-513,39972
-512,40107
-511,39946
-510,39870
-509,39655
-508,39414
-507,39063
-506,38684
-505,38276
-504,37781
-503,37232
-502,36678
-501,36108
-500,35479
-499,34838
-498,34135
-497,33415
-496,32558
-495,31931
-494,30972
-493,30208
-492,29293
-491,28545
-490,27613
-489,26831
-488,25780
-487,24969
-486,23939
-485,23148
-484,22152
-483,21375
-482,20415
-481,19636
-480,18596
-479,17871
-478,16869
-477,16123
-476,15229
-475,14618
-474,13799
-473,13188
-472,12405
-471,11894
-470,11164
-469,10668
-468,10072
-467,9626
-466,9092
-465,8680
-464,8210
-463,7930
-462,7551
-461,7306
-460,7042
-459,6881
-458,6692
-457,6573
-456,6466
-455,6425
-454,6383
-453,6386
-452,6443
-451,6486
-450,6595
-449,6701
-448,6857
-447,6965
-446,7177
-445,7326
-444,7566
-443,7689
-442,7940
-441,8127
-440,8366
-439,8542
-438,8789
-437,8949
-436,9174
-435,9301
-434,9478
-433,9599
-432,9734
-431,9794
-430,9910
-429,9960
-428,10023
-427,10028
-426,10072
-425,10022
-424,10014
-423,9924
-422,9844
-421,9733
-420,9614
-419,9479
-418,9311
-417,9160
-416,8959
-415,8787
-414,8581
-413,8406
-412,8188
-411,8009
-410,7792
-409,7613
-408,7444
-407,7323
-406,7198
-405,7104
-404,7018
-403,6979
-402,6954
-401,6953
-400,6992
-399,7070
-398,7216
-397,7343
-396,7605
-395,7801
-394,8131
-393,8434
-392,8917
-391,9274
-390,9886
-389,10356
-388,11059
-387,11594
-386,12405
-385,13047
-384,13996
-383,14697
-382,15782
-381,16533
-380,17672
-379,18491
-378,19691
-377,20575
-376,21957
-375,22855
-374,24282
-373,25197
-372,26587
-371,27582
-370,29002
-369,29934
-368,31609
-367,32594
-366,34293
-365,35331
-364,36949
-363,37940
-362,39616
-361,40743
-360,42369
-359,43419
-358,45050
-357,46117
-356,47651
-355,48538
-354,50135
-353,51132
-352,52463
-351,53365
-350,54969
-349,55893
-348,56982
-347,57562
-346,58507
-345,59078
-344,59902
-343,60201
-342,60893
-341,61119
-340,61520
-339,61595
-338,61958
-337,61864
-336,61898
-335,61596
-334,61351
-333,61042
-332,60665
-331,60105
-330,59497
-329,58733
-328,57884
-327,57005
-326,55942
-325,55047
-324,53775
-323,52732
-322,51411
-321,50147
-320,48660
-319,47329
-318,45659
-317,44299
-316,42752
-315,41276
-314,39681
-313,38308
-312,36567
-311,35263
-310,33439
-309,32187
-308,30494
-307,29220
-306,27575
-305,26261
-304,24581
-303,23396
-302,21853
-301,20756
-300,19344
-299,18352
-298,17081
-297,16163
-296,14963
-295,14171
-294,13126
-293,12434
-292,11561
-291,10985
-290,10258
-289,9743
-288,9120
-287,8763
-286,8273
-285,7983
-284,7690
-283,7500
-282,7275
-281,7163
-280,7080
-279,7037
-278,7051
-277,7088
-276,7183
-275,7279
-274,7447
-273,7600
-272,7858
-271,8027
-270,8322
-269,8525
-268,8846
-267,9088
-266,9433
-265,9683
-264,10057
-263,10283
-262,10627
-261,10872
-260,11206
-259,11442
-258,11752
-257,11928
-256,12199
-255,12392
-254,12593
-253,12684
-252,12855
-251,12915
-250,12988
-249,13021
-248,13042
-247,13015
-246,12948
-245,12835
-244,12742
-243,12573
-242,12381
-241,12179
-240,11932
-239,11705
-238,11384
-237,11167
-236,10859
-235,10573
-234,10285
-233,10030
-232,9752
-231,9550
-230,9340
-229,9173
-228,9031
-227,8925
-226,8869
-225,8856
-224,8916
-223,8987
-222,9195
-221,9374
-220,9752
-219,10066
-218,10614
-217,11074
-216,11813
-215,12384
-214,13406
-213,14213
-212,15421
-211,16380
-210,17844
-209,19051
-208,20787
-207,22002
-206,23971
-205,25361
-204,27500
-203,29132
-202,31472
-201,33200
-200,35854
-199,37712
-198,40487
-197,42433
-196,45222
-195,47263
-194,50302
-193,52524
-192,55839
-191,57901
-190,61227
-189,63214
-188,66413
-187,68564
-186,71536
-185,73726
-184,77133
-183,79203
-182,82555
-181,84358
-180,87155
-179,88841
-178,91593
-177,93476
-176,96413
-175,98030
-174,100550
-173,102150
-172,104414
-171,105414
-170,107344
-169,108355
-168,110213
-167,111144
-166,112775
-165,113620
-164,115155
-163,115753
-162,116632
-161,116879
-160,117101
-159,116896
-158,117068
-157,116585
-156,116354
-155,115823
-154,115357
-153,114384
-152,113208
-151,111952
-150,110329
-149,108628
-148,106938
-147,105010
-146,102990
-145,100910
-144,98509
-143,96135
-142,93207
-141,90779
-140,88360
-139,85802
-138,82884
-137,79923
-136,76154
-135,73592
-134,70566
-133,68136
-132,64834
-131,62095
-130,58933
-129,56055
-128,52397
-127,49741
-126,46365
-125,43713
-124,40640
-123,38144
-122,35247
-121,33006
-120,30539
-119,28694
-118,26230
-117,24529
-116,22607
-115,21097
-114,19141
-113,17573
-112,15868
-111,14746
-110,13574
-109,12857
-108,11978
-107,11490
-106,10939
-105,10554
-104,10144
-103,9921
-102,9777
-101,9745
-100,9845
-99,9983
-98,10266
-97,10593
-96,11128
-95,11513
-94,12113
-93,12502
-92,13156
-91,13571
-90,14293
-89,14813
-88,15613
-87,16055
-86,16777
-85,17226
-84,17864
-83,18290
-82,18942
-80,19854
-79,20155
-78,20539
-77,20728
-76,21045
-75,21079
-74,21204
-73,21213
-72,21205
-71,21161
-70,21059
-69,20894
-68,20687
-67,20426
-66,20131
-65,19843
-64,19360
-63,18906
-62,18332
-61,17802
-60,17180
-59,16628
-58,15995
-57,15429
-56,14806
-55,14314
-54,13726
-53,13281
-52,12792
-51,12460
-50,12181
-49,12021
-48,11928
-47,11950
-46,12138
-45,12351
-44,12818
-43,13284
-42,14097
-41,14867
-40,16199
-39,17300
-38,19237
-37,20759
-36,23012
-35,24770
-34,27419
-33,29647
-32,32837
-31,35258
-30,39074
-29,41944
-28,45888
-27,48940
-26,53427
-25,57329
-24,62867
-23,66692
-22,71834
-21,75589
-20,80749
-19,84552
-18,90134
-17,94416
-16,100538
-15,104913
-14,111962
-13,116365
-12,121954
-11,124452
-10,130123
-9,135199
-8,141743
-7,145932
-6,151674
-5,156324
-4,161889
-3,166040
-2,170394
-1,172435
0,177216
1,178584
2,182456
3,185192
4,189800
5,191532
6,194111
7,195252
8,197394
9,198611
10,200501
11,200226
12,201085
13,201099
14,201405
15,201008
16,201187
17,199942
18,198531
19,197179
20,195617
21,193581
22,191976
23,189768
24,186510
25,183168
26,179149
27,177657
28,173645
29,170132
30,168010
31,165155
32,159224
33,156550
34,152184
35,147006
36,143121
37,139252
38,134492
39,129954
40,124658
41,120392
42,114763
43,110623
44,105313
45,100809
46,95337
47,90744
48,85371
49,81286
50,76315
51,72075
52,66894
53,62647
54,57792
55,53670
56,49669
57,46800
58,42815
59,39640
60,36272
61,33340
62,30137
63,27680
64,25101
65,23154
66,20872
67,19220
68,17409
69,16236
70,14944
71,14051
72,13068
73,12397
74,11854
75,11553
76,11352
77,11173
78,11379
79,11546
80,11916
81,12236
82,12773
83,13178
84,13840
85,14257
86,14953
87,15526
88,16357
89,16853
90,17697
91,18265
92,18955
93,19395
94,20053
95,20460
96,20863
97,21047
98,21387
99,21476
100,21653
101,21684
102,21705
103,21553
104,21401
105,21218
106,20944
107,20665
108,20347
109,19939
110,19399
111,18910
112,18347
113,17854
114,17117
115,16558
116,15818
117,15272
118,14581
119,13994
120,13330
121,12872
122,12298
123,11923
124,11472
125,11171
126,10817
127,10614
128,10457
129,10382
130,10415
131,10500
132,10768
133,10998
134,11524
135,12009
136,12775
137,13311
138,14434
139,15394
140,16720
141,17694
142,19300
143,20805
144,23013
145,24572
146,27063
147,29060
148,31989
149,34215
150,37078
151,39706
152,43366
153,46271
154,50366
155,52508
156,55797
157,58191
158,61984
159,65049
160,69357
161,72230
162,76214
163,79496
164,84136
165,87150
166,91103
167,94123
168,98254
169,101281
170,105451
171,107741
172,111334
173,113422
174,116920
175,119195
176,121990
177,123132
178,125947
179,127412
180,129585
181,130850
182,132730
183,133536
184,135026
185,135189
186,136037
187,136494
188,137100
189,136873
190,137141
191,136224
192,135708
193,134706
194,133481
195,131837
196,130158
197,128465
198,126685
199,124391
200,122156
201,119880
202,117313
203,115309
204,112437
205,109784
206,106820
207,104487
208,101061
209,98413
210,95008
211,92344
212,88835
213,85834
214,82656
215,79573
216,75860
217,73273
218,69696
219,67169
220,63789
221,61318
222,57958
223,55267
224,51867
225,49555
226,46515
227,44429
228,41493
229,39495
230,36878
231,35039
232,32486
233,30777
234,28449
235,26833
236,24715
237,23365
238,21648
239,20249
240,18582
241,17436
242,16001
243,15013
244,13842
245,13042
246,12066
247,11336
248,10579
249,10060
250,9553
251,9211
252,8943
253,8777
254,8676
255,8634
256,8687
257,8739
258,8908
259,9054
260,9298
261,9470
262,9765
263,10028
264,10393
265,10654
266,11062
267,11352
268,11741
269,11997
270,12331
271,12569
272,12883
273,13050
274,13298
275,13417
276,13574
277,13627
278,13697
279,13714
280,13693
281,13581
282,13495
283,13349
284,13192
285,12980
286,12737
287,12477
288,12128
289,11806
290,11438
291,11141
292,10737
293,10431
294,10057
295,9764
296,9372
297,9111
298,8752
299,8516
300,8228
301,8032
302,7812
303,7688
304,7547
305,7491
306,7467
307,7485
308,7592
309,7696
310,7943
311,8160
312,8555
313,8877
314,9417
315,9862
316,10573
317,11123
318,11929
319,12622
320,13687
321,14404
322,15640
323,16477
324,17805
325,18764
326,20173
327,21295
328,23019
329,24131
330,25955
331,27256
332,29266
333,30600
334,32573
335,34025
336,36181
337,37697
338,40052
339,41642
340,43896
341,45428
342,47632
343,49131
344,51402
345,52829
346,55118
347,56521
348,58708
349,59979
350,61972
351,63317
352,65355
353,66623
354,68619
355,69606
356,71147
357,71968
358,73284
359,74019
360,75129
361,75627
362,76565
363,76785
364,77521
365,77554
366,77946
367,77940
368,78040
369,77815
370,77585
371,77102
372,76557
373,75959
374,75380
375,74323
376,73205
377,71918
378,70614
379,69266
380,68082
381,66850
382,65301
383,63688
384,61895
385,60300
386,58373
387,56846
388,54789
389,53209
390,51184
391,49510
392,47443
393,45849
394,43723
395,41991
396,39996
397,38413
398,36377
399,34686
400,32695
401,31226
402,29245
403,27803
404,26070
405,24630
406,23079
407,21840
408,20350
409,19188
410,17924
411,16909
412,15657
413,14759
414,13658
415,12881
416,11930
417,11312
418,10548
419,10056
420,9463
421,9065
422,8638
423,8282
424,7941
425,7726
426,7493
427,7351
428,7202
429,7122
430,7076
431,7066
432,7103
433,7134
434,7240
435,7314
436,7482
437,7601
438,7793
439,7953
440,8187
441,8362
442,8645
443,8820
444,9069
445,9258
446,9526
447,9706
448,9969
449,10103
450,10319
451,10439
452,10586
453,10684
454,10787
455,10827
456,10889
457,10887
458,10886
459,10846
460,10803
461,10744
462,10625
463,10497
464,10328
465,10166
466,9947
467,9746
468,9524
469,9334
470,9055
471,8831
472,8552
473,8336
474,8074
475,7880
476,7663
477,7487
478,7312
479,7191
480,7062
481,7005
482,6955
483,6937
484,6993
485,7059
486,7206
487,7349
488,7639
489,7870
490,8280
491,8589
492,9103
493,9484
494,10109
495,10612
496,11397
497,11956
498,12874
499,13527
500,14540
501,15245
502,16353
503,17159
504,18432
505,19247
506,20621
507,21533
508,22908
509,23750
510,25161
511,26150
512,27766
513,28710
514,30207
515,31082
516,32689
517,33710
518,35170
519,36086
520,37520
521,38310
522,39801
523,40591
524,41986
525,42774
526,43971
527,44667
528,45982
529,46539
530,47676
531,48126
532,49093
533,49514
534,50105
535,50626
536,51138
537,51424
538,51961
539,52158
540,52591
541,52722
542,53057
543,52934
544,52968
545,52821
546,52668
547,52345
548,51952
549,51632
550,51147
551,50414
552,49934
553,49163
554,48331
555,47667
556,46783
557,45828
558,44837
559,43762
560,42593
561,41623
562,40411
563,39327
564,38004
565,36896
566,35495
567,34342
568,32947
569,31796
570,30431
571,29261
572,27876
573,26760
574,25496
575,24418
576,23071
577,22091
578,20819
579,19900
580,18753
581,17875
582,16827
583,15989
584,14950
585,14140
586,13237
587,12576
588,11793
589,11196
590,10526
591,9977
592,9368
593,8953
594,8435
595,8091
596,7682
597,7403
598,7080
599,6863
600,6606
601,6454
602,6283
603,6170
604,6081
605,5995
606,5960
607,5930
608,5911
609,5918
610,5950
611,5978
612,6022
613,6074
614,6149
615,6194
616,6290
617,6350
618,6437
619,6496
620,6596
621,6639
622,6729
623,6769
624,6857
625,6895
626,6971
627,7009
628,7054
629,7070
630,7103
631,7120
632,7139
633,7130
634,7136
635,7111
636,7079
637,7071
638,7035
639,6983
640,6933
641,6870
642,6805
643,6735
644,6646
645,6564
646,6475
647,6365
648,6262
649,6170
650,6051
651,5956
652,5857
653,5771
654,5675
655,5590
656,5521
657,5475
658,5410
659,5362
660,5321
661,5286
662,5282
663,5278
664,5269
665,5284
666,5334
667,5378
668,5454
669,5504
670,5609
671,5688
672,5838
673,5937
674,6109
675,6247
676,6469
677,6621
678,6866
679,7072
680,7370
681,7565
682,7887
683,8107
684,8428
685,8668
686,9002
687,9235
688,9614
689,9861
690,10218
691,10468
692,10816
693,11064
694,11418
695,11661
696,12028
697,12238
698,12538
699,12810
700,13127
701,13309
702,13598
703,13770
704,14048
705,14198
706,14451
707,14559
708,14811
709,14917
710,15127
711,15190
712,15322
713,15329
714,15462
715,15489
716,15588
717,15623
718,15661
719,15630
720,15668
721,15623
722,15620
723,15537
724,15469
725,15402
726,15296
727,15209
728,15106
729,14984
730,14821
731,14670
732,14522
733,14340
734,14164
735,13968
736,13742
737,13555
738,13288
739,13006
740,12684
741,12490
742,12259
743,12037
744,11716
745,11465
746,11153
747,10896
748,10571
749,10303
750,9982
751,9712
752,9408
753,9172
754,8883
755,8673
756,8370
757,8133
758,7860
759,7654
760,7394
761,7196
762,6926
763,6751
764,6536
765,6364
766,6169
767,6016
768,5838
769,5706
770,5558
771,5449
772,5332
773,5245
774,5151
775,5085
776,5002
777,4958
778,4902
779,4888
780,4854
781,4828
782,4825
783,4832
784,4838
785,4853
786,4880
787,4907
788,4938
789,4975
790,5021
791,5069
792,5129
793,5169
794,5237
795,5273
796,5340
797,5378
798,5446
799,5478
800,5534
801,5561
802,5619
803,5643
804,5696
805,5697
806,5742
807,5736
808,5781
809,5780
810,5790
811,5803
812,5801
813,5786
814,5773
815,5761
816,5739
817,5714
818,5692
819,5664
820,5634
821,5607
822,5560
823,5535
824,5490
825,5448
826,5408
827,5367
828,5317
829,5305
830,5266
831,5210
832,5183
833,5189
834,5165
835,5152
836,5144
837,5141
838,5160
839,5184
840,5225
841,5252
842,5322
843,5388
844,5482
845,5551
846,5669
847,5799
848,5978
849,6145
850,6377
851,6562
852,6822
853,7027
854,7283
855,7541
856,7865
857,8114
858,8530
859,8860
860,9281
861,9659
862,10156
863,10543
864,11093
865,11470
866,12058
867,12499
868,13072
869,13505
870,14156
871,14619
872,15265
873,15734
874,16445
875,16903
876,17539
877,17994
878,18653
879,19118
880,19761
881,20118
882,20713
883,21028
884,21624
885,21976
886,22513
887,22844
888,23246
889,23347
890,23906
891,24296
892,24626
893,24903
894,25154
895,25255
896,25486
897,25545
898,25750
899,25704
900,25733
901,25642
902,25655
903,25531
904,25428
905,25379
906,25273
907,25073
908,24876
909,24631
910,24318
911,24036
912,23633
913,23395
914,22998
915,22726
916,22342
917,21898
918,21496
919,21130
920,20553
921,20121
922,19567
923,19127
924,18704
925,18321
926,17815
927,17493
928,16832
929,16405
930,15727
931,15278
932,14665
933,14379
934,13708
935,13192
936,12692
937,12286
938,11726
939,11227
940,10776
941,10452
942,9931
943,9558
944,9140
945,8805
946,8393
947,8072
948,7722
949,7463
950,7196
951,6946
952,6646
953,6450
954,6242
955,6064
956,5889
957,5755
958,5616
959,5524
960,5421
961,5359
962,5294
963,5255
964,5225
965,5202
966,5196
967,5208
968,5229
969,5258
970,5287
971,5317
972,5354
973,5390
974,5439
975,5487
976,5546
977,5580
978,5635
979,5676
980,5717
981,5743
982,5783
983,5813
984,5853
985,5856
986,5876
987,5900
988,5899
989,5911
990,5906
991,5894
992,5871
993,5855
994,5826
995,5805
996,5745
997,5737
998,5682
999,5633
1000,5591
1001,5554
1002,5495
1003,5454
1004,5413
1005,5375
1006,5324
1007,5298
1008,5251
1009,5225
1010,5205
1011,5186
1012,5168
1013,5153
1014,5161
1015,5160
1016,5179
1017,5194
1018,5237
1019,5262
1020,5312
1021,5352
1022,5407
1023,5476
1024,5556
1025,5627
1026,5762
1027,5854
1028,5964
1029,6063
1030,6235
1031,6353
1032,6532
1033,6639
1034,6824
1035,6957
1036,7164
1037,7299
1038,7544
1039,7706
1040,7963
1041,8142
1042,8415
1043,8575
1044,8861
1045,9046
1046,9340
1047,9556
1048,9830
1049,10044
1050,10330
1051,10554
1052,10842
1053,11067
1054,11319
1055,11497
1056,11738
1057,11869
1058,12093
1059,12198
1060,12395
1061,12493
1062,12664
1063,12765
1064,12930
1065,13012
1066,13109
1067,13156
1068,13263
1069,13280
1070,13308
1071,13297
1072,13316
1073,13295
1074,13271
1075,13232
1076,13207
1077,13101
1078,13038
1079,12932
1080,12844
1081,12709
1082,12590
1083,12420
1084,12269
1085,12130
1086,11966
1087,11777
1088,11569
1089,11406
1090,11198
1091,11003
1092,10785
1093,10589
1094,10389
1095,10181
1096,9937
1097,9746
1098,9507
1099,9321
1100,9076
1101,8901
1102,8690
1103,8493
1104,8272
1105,8073
1106,7827
1107,7691
1108,7490
1109,7350
1110,7162
1111,7016
1112,6826
1113,6696
1114,6516
1115,6387
1116,6225
1117,6130
1118,6007
1119,5906
1120,5782
1121,5701
1122,5577
1123,5498
1124,5391
1125,5328
1126,5231
1127,5164
1128,5079
1129,5021
1130,4964
1131,4919
1132,4861
1133,4833
1134,4786
1135,4745
1136,4716
1137,4695
1138,4667
1139,4652
1140,4636
1141,4610
1142,4611
1143,4606
1144,4584
1145,4589
1146,4594
1147,4591
1148,4593
1149,4606
1150,4608
1151,4619
1152,4626
1153,4621
1154,4641
1155,4649
1156,4649
1157,4661
1158,4668
1159,4680
1160,4682
1161,4679
1162,4683
1163,4696
1164,4702
1165,4685
1166,4699
1167,4704
1168,4706
1169,4714
1170,4700
1171,4694
1172,4687
1173,4690
1174,4682
1175,4662
1176,4668
1177,4659
1178,4647
1179,4638
1180,4623
1181,4624
1182,4614
1183,4592
1184,4590
1185,4582
1186,4578
1187,4567
1188,4570
1189,4555
1190,4548
1191,4547
1192,4550
1193,4553
1194,4555
1195,4553
1196,4564
1197,4577
1198,4581
1199,4612
1200,4613
1201,4644
1202,4665
1203,4686
1204,4725
1205,4754
1206,4782
1207,4814
1208,4873
1209,4909
1210,4962
1211,5021
1212,5078
1213,5133
1214,5216
1215,5267
1216,5367
1217,5426
1218,5531
1219,5583
1220,5683
1221,5761
1222,5863
1223,5941
1224,6051
1225,6128
1226,6241
1227,6335
1228,6448
1229,6528
1230,6651
1231,6758
1232,6888
1233,6956
1234,7110
1235,7203
1236,7324
1237,7418
1238,7537
1239,7640
1240,7771
1241,7844
1242,7993
1243,8077
1244,8205
1245,8313
1246,8426
1247,8519
1248,8652
1249,8721
1250,8840
1251,8904
1252,8991
1253,9035
1254,9098
1255,9133
1256,9209
1257,9227
1258,9254
1259,9291
1260,9319
1261,9299
1262,9321
1263,9322
1264,9304
1265,9258
1266,9214
1267,9172
1268,9125
1269,9073
1270,9022
1271,8964
1272,8870
1273,8788
1274,8696
1275,8588
1276,8475
1277,8393
1278,8260
1279,8158
1280,8022
1281,7905
1282,7759
1283,7658
1284,7525
1285,7401
1286,7265
1287,7115
1288,6954
1289,6843
1290,6691
1291,6578
1292,6442
1293,6338
1294,6218
1295,6103
1296,5970
1297,5886
1298,5756
1299,5678
1300,5558
1301,5492
1302,5391
1303,5316
1304,5242
1305,5181
1306,5102
1307,5052
1308,4991
1309,4967
1310,4920
1311,4893
1312,4861
1313,4840
1314,4815
1315,4809
1316,4795
1317,4798
1318,4787
1319,4789
1320,4805
1321,4806
1322,4816
1323,4829
1324,4858
1325,4856
1326,4891
1327,4916
1328,4935
1329,4954
1330,4995
1331,5013
1332,5040
1333,5047
1334,5086
1335,5103
1336,5129
1337,5143
1338,5174
1339,5196
1340,5216
1341,5214
1342,5228
1343,5231
1344,5232
1345,5245
1346,5235
1347,5252
1348,5226
1349,5229
1350,5229
1351,5220
1352,5206
1353,5187
1354,5172
1355,5159
1356,5124
1357,5115
1358,5090
1359,5064
1360,5035
1361,5018
1362,4993
1363,4981
1364,4963
1365,4948
1366,4935
1367,4929
1368,4916
1369,4908
1370,4932
1371,4937
1372,4946
1373,4957
1374,4986
1375,5019
1376,5058
1377,5092
1378,5167
1379,5216
1380,5306
1381,5365
1382,5458
1383,5535
1384,5658
1385,5732
1386,5862
1387,5970
1388,6129
1389,6243
1390,6415
1391,6549
1392,6742
1393,6858
1394,7051
1395,7192
1396,7388
1397,7527
1398,7732
1399,7880
1400,8101
1401,8246
1402,8473
1403,8626
1404,8829
1405,8958
1406,9145
1407,9293
1408,9495
1409,9604
1410,9813
1411,9942
1412,10133
1413,10226
1414,10409
1415,10517
1416,10660
1417,10737
1418,10886
1419,10955
1420,11068
1421,11123
1422,11209
1423,11268
1424,11369
1425,11391
1426,11464
1427,11453
1428,11505
1429,11501
1430,11514
1431,11505
1432,11501
1433,11477
1434,11463
1435,11417
1436,11405
1437,11325
1438,11297
1439,11214
1440,11124
1441,11032
1442,10926
1443,10793
1444,10682
1445,10547
1446,10413
1447,10263
1448,10124
1449,9966
1450,9806
1451,9608
1452,9422
1453,9243
1454,9040
1455,8845
1456,8679
1457,8562
1458,8401
1459,8222
1460,8075
1461,7942
1462,7754
1463,7597
1464,7412
1465,7274
1466,7106
1467,6968
1468,6795
1469,6660
1470,6491
1471,6371
1472,6238
1473,6118
1474,5963
1475,5860
1476,5736
1477,5654
1478,5533
1479,5453
1480,5361
1481,5281
1482,5196
1483,5156
1484,5079
1485,5027
1486,4957
1487,4912
1488,4880
1489,4839
1490,4806
1491,4776
1492,4737
1493,4737
1494,4713
1495,4702
1496,4691
1497,4678
1498,4675
1499,4666
1500,4668
1501,4666
1502,4660
1503,4669
1504,4671
1505,4676
1506,4677
1507,4673
1508,4695
1509,4686
1510,4692
1511,4691
1512,4696
1513,4696
1514,4706
1515,4699
1516,4701
1517,4700
1518,4703
1519,4698
1520,4697
1521,4690
1522,4682
1523,4694
1524,4682
1525,4668
1526,4687
1527,4662
1528,4643
1529,4644
1530,4631
1531,4619
1532,4621
1533,4607
1534,4587
1535,4588
1536,4563
1537,4559
1538,4545
1539,4527
1540,4511
1541,4507
1542,4495
1543,4497
1544,4483
1545,4475
1546,4466
1547,4455
1548,4451
1549,4452
1550,4424
1551,4425
1552,4439
1553,4420
1554,4422
1555,4415
1556,4418
1557,4435
1558,4432
1559,4421
1560,4427
1561,4421
1562,4461
1563,4430
1564,4442
1565,4436
1566,4472
1567,4460
1568,4454
1569,4464
1570,4478
1571,4476
1572,4483
1573,4502
1574,4490
1575,4504
1576,4512
1577,4517
1578,4522
1579,4532
1580,4562
1581,4548
1582,4544
1583,4546
1584,4550
1585,4563
1586,4579
1587,4569
1588,4567
1589,4583
1590,4589
1591,4594
1592,4589
1593,4595
1594,4581
1595,4596
1596,4596
1597,4601
1598,4583
1599,4603
1600,4593
1601,4587
1602,4593
1603,4600
1604,4592
1605,4596
1606,4597
1607,4582
1608,4596
1609,4594
1610,4593
1611,4583
1612,4588
1613,4604
1614,4585
1615,4589
1616,4583
1617,4585
1618,4579
1619,4581
1620,4578
1621,4572
1622,4558
1623,4565
1624,4576
1625,4561
1626,4560
1627,4556
1628,4552
1629,4559
1630,4532
1631,4540
1632,4535
1633,4526
1634,4525
1635,4532
1636,4504
1637,4515
1638,4512
1639,4492
1640,4495
1641,4488
1642,4493
1643,4463
1644,4469
1645,4468
1646,4463
1647,4468
1648,4445
1649,4447
1650,4446
1651,4428
1652,4432
1653,4408
1654,4406
1655,4411
1656,4409
1657,4417
1658,4398
1659,4404
1660,4388
1661,4390
1662,4384
1663,4388
1664,4382
1665,4385
1666,4393
1667,4384
1668,4395
1669,4393
1670,4391
1671,4391
1672,4397
1673,4416
1674,4406
1675,4414
1676,4414
1677,4416
1678,4449
1679,4430
1680,4439
1681,4453
1682,4472
1683,4483
1684,4471
1685,4489
1686,4494
1687,4500
1688,4512
1689,4512
1690,4516
1691,4529
1692,4527
1693,4534
1694,4549
1695,4559
1696,4568
1697,4563
1698,4572
1699,4555
1700,4566
1701,4569
1702,4580
1703,4564
1704,4575
1705,4576
1706,4567
1707,4573
1708,4585
1709,4578
1710,4570
1711,4556
1712,4565
1713,4560
1714,4552
1715,4551
1716,4550
1717,4561
1718,4556
1719,4550
1720,4544
1721,4549
1722,4549
1723,4559
1724,4550
1725,4554
1726,4562
1727,4564
1728,4578
1729,4586
1730,4597
1731,4617
1732,4639
1733,4646
1734,4659
1735,4688
1736,4719
1737,4729
1738,4773
1739,4802
1740,4834
1741,4872
1742,4917
1743,4954
1744,4993
1745,5031
1746,5104
1747,5161
1748,5228
1749,5280
1750,5358
1751,5419
1752,5494
1753,5557
1754,5643
1755,5707
1756,5799
1757,5891
1758,5975
1759,6046
1760,6159
1761,6228
1762,6338
1763,6399
1764,6512
1765,6567
1766,6679
1767,6760
1768,6851
1769,6924
1770,7049
1771,7109
1772,7192
1773,7246
1774,7342
1775,7382
1776,7472
1777,7516
1778,7595
1779,7632
1780,7695
1781,7747
1782,7791
1783,7802
1784,7825
1785,7850
1786,7875
1787,7864
1788,7886
1789,7883
1790,7891
1791,7879
1792,7900
1793,7863
1794,7837
1795,7791
1796,7776
1797,7724
1798,7696
1799,7627
1800,7587
1801,7543
1802,7484
1803,7436
1804,7357
1805,7281
1806,7219
1807,7121
1808,7043
1809,6962
1810,6898
1811,6837
1812,6743
1813,6690
1814,6595
1815,6507
1816,6432
1817,6350
1818,6258
1819,6185
1820,6096
1821,6034
1822,5931
1823,5885
1824,5802
1825,5734
1826,5657
1827,5587
1828,5529
1829,5463
1830,5387
1831,5331
1832,5254
1833,5222
1834,5166
1835,5114
1836,5077
1837,5017
1838,4977
1839,4933
1840,4885
1841,4849
1842,4823
1843,4789
1844,4754
1845,4737
1846,4721
1847,4688
1848,4673
1849,4651
1850,4636
1851,4629
1852,4641
1853,4630
1854,4615
1855,4627
1856,4614
1857,4621
1858,4633
1859,4626
1860,4638
1861,4658
1862,4656
1863,4655
1864,4667
1865,4682
1866,4675
1867,4691
1868,4700
1869,4707
1870,4721
1871,4722
1872,4729
1873,4730
1874,4744
1875,4734
1876,4742
1877,4733
1878,4747
1879,4747
1880,4751
1881,4731
1882,4738
1884,4726
1886,4707
1888,4688
1889,4686
1890,4669
1891,4656
1892,4662
1893,4645
1894,4637
1895,4622
1896,4601
1897,4598
1898,4594
1899,4575
1900,4563
1901,4552
1902,4554
1903,4541
1904,4540
1905,4538
1906,4540
1907,4538
1908,4538
1909,4511
1910,4535
1911,4516
1912,4538
1913,4528
1914,4545
1915,4528
1916,4534
1917,4548
1918,4551
1919,4551
1920,4563
1921,4576
1922,4588
1923,4600
1924,4603
1925,4605
1926,4645
1927,4649
1928,4670
1929,4687
1930,4698
1931,4712
1932,4726
1933,4753
1934,4777
1935,4799
1936,4825
1937,4823
1938,4851
1939,4862
1940,4893
1941,4895
1942,4927
1943,4930
1944,4938
1945,4955
1946,4961
1947,4967
1948,4989
1949,4994
1950,5001
1951,5011
1952,5020
1953,5025
1954,5026
1955,5018
1956,5023
1957,5019
1958,5018
1959,5011
1960,5012
1961,5021
1962,5000
1963,4994
1964,4981
1965,4982
1966,4959
1967,4954
1968,4925
1969,4927
1970,4906
1971,4886
1972,4870
1973,4845
1974,4846
1975,4806
1976,4793
1977,4783
1978,4760
1979,4746
1980,4729
1981,4714
1982,4696
1983,4670
1984,4646
1985,4639
1986,4615
1987,4603
1988,4591
1989,4560
1990,4534
1991,4537
1992,4514
1993,4509
1994,4500
1995,4486
1996,4465
1997,4458
1998,4448
1999,4445
2000,4429
2001,4422
2002,4408
2003,4408
2004,4407
2005,4383
2006,4372
2007,4381
2008,4376
2009,4370
2010,4356
2011,4367
2012,4363
2013,4368
2014,4356
2015,4362
2016,4348
2017,4351
2018,4344
2019,4359
2020,4351
2021,4354
2022,4351
2023,4345
2024,4350
2025,4340
2026,4352
2027,4339
2028,4342
2029,4344
2030,4342
2031,4346
2032,4353
2033,4346
2034,4354
2035,4350
2036,4353
2037,4349
2038,4350
2039,4358
2040,4348
2041,4347
2042,4352
2043,4347
2044,4328
2045,4355
2046,4346
2047,4346
2048,4345
2049,4346
2050,4335
2051,4333
2052,4350
2053,4339
2054,4329
2055,4347
2056,4348
2057,4335
2058,4359
2059,4339
2060,4347
2061,4346
2062,4343
2063,4354
2064,4333
2065,4336
2066,4352
2067,4355
2068,4355
2069,4355
2070,4361
2071,4359
2072,4353
2073,4339
2074,4367
2075,4372
2076,4376
2077,4372
2078,4366
2079,4391
2080,4396
2081,4386
2082,4396
2083,4389
2084,4399
2085,4411
2086,4416
2087,4420
2088,4420
2089,4438
2090,4449
2091,4454
2092,4466
2093,4470
2094,4477
2095,4486
2096,4507
2097,4511
2098,4532
2099,4542
2100,4550
2101,4572
2102,4582
2103,4606
2104,4626
2105,4628
2106,4647
2107,4655
2108,4696
2109,4710
2110,4714
2111,4744
2112,4744
2113,4760
2114,4792
2115,4825
2116,4841
2117,4840
2118,4878
2119,4902
2120,4925
2121,4937
2122,4959
2123,4987
2124,5011
2125,5022
2126,5053
2127,5080
2128,5099
2129,5118
2130,5135
2131,5155
2132,5179
2133,5190
2134,5225
2135,5260
2136,5277
2137,5293
2138,5310
2139,5329
2140,5352
2141,5358
2142,5373
2143,5379
2144,5400
2145,5398
2146,5425
2147,5423
2148,5443
2149,5445
2150,5439
2151,5442
2152,5439
2153,5448
2154,5443
2155,5442
2156,5415
2157,5422
2158,5411
2159,5407
2160,5404
2161,5385
2162,5371
2163,5338
2164,5342
2165,5326
2166,5296
2167,5280
2168,5262
2169,5240
2170,5211
2171,5183
2172,5168
2173,5142
2174,5118
2175,5081
2176,5056
2177,5027
2178,4992
2179,4969
2180,4942
2181,4905
2182,4904
2183,4873
2184,4842
2185,4816
2186,4781
2187,4754
2188,4738
2189,4707
2190,4695
2191,4666
2192,4649
2193,4614
2194,4594
2195,4591
2196,4563
2197,4550
2198,4535
2199,4528
2200,4515
2201,4486
2202,4482
2203,4469
2204,4465
2205,4464
2206,4447
2207,4448
2208,4434
2209,4429
2210,4421
2211,4415
2212,4406
2213,4402
2214,4388
2215,4391
2216,4405
2217,4391
2218,4395
2219,4389
2220,4394
2221,4393
2222,4391
2223,4390
2224,4378
2225,4379
2226,4382
2227,4397
2228,4385
2229,4402
2230,4395
2231,4391
2232,4390
2233,4392
2234,4391
2235,4401
2236,4393
2237,4394
2238,4392
2239,4391
2240,4392
2241,4373
2242,4385
2243,4394
2244,4397
2245,4397
2246,4399
2247,4395
2248,4397
2249,4387
2250,4389
2251,4381
2252,4391
2253,4385
2254,4396
2255,4394
2256,4403
2257,4394
2258,4408
2259,4408
2260,4416
2261,4418
2262,4418
2263,4426
2264,4437
2265,4450
2266,4453
2267,4464
2268,4480
2269,4485
2270,4491
2271,4502
2272,4524
2273,4545
2274,4545
2275,4564
2276,4582
2277,4602
2278,4629
2279,4647
2280,4665
2281,4689
2282,4708
2283,4726
2284,4755
2285,4770
2286,4792
2287,4819
2288,4848
2289,4867
2290,4903
2291,4928
2292,4944
2293,4968
2294,4995
2295,5010
2296,5041
2297,5048
2298,5076
2299,5108
2300,5124
2301,5140
2302,5158
2303,5177
2304,5191
2305,5188
2306,5211
2307,5219
2308,5243
2309,5232
2310,5271
2311,5266
2312,5269
2313,5282
2314,5291
2315,5295
2316,5289
2317,5292
2318,5299
2319,5289
2320,5291
2321,5287
2322,5284
2323,5272
2324,5274
2325,5255
2326,5255
2327,5235
2328,5231
2329,5227
2330,5212
2331,5196
2332,5180
2333,5166
2334,5136
2335,5137
2336,5115
2337,5102
2338,5065
2339,5054
2340,5019
2341,5021
2342,4987
2343,4966
2344,4937
2345,4931
2346,4900
2347,4870
2348,4854
2349,4837
2350,4806
2351,4797
2352,4769
2353,4758
2354,4726
2355,4700
2356,4679
2357,4669
2358,4640
2359,4635
2360,4615
2361,4580
2362,4567
2363,4553
2364,4544
2365,4525
2366,4510
2367,4506
2368,4491
2369,4479
2370,4469
2371,4459
2372,4437
2373,4440
2374,4438
2375,4421
2376,4394
2377,4408
2378,4384
2379,4374
2380,4368
2381,4375
2382,4358
2383,4365
2384,4359
2385,4348
2386,4350
2387,4349
2388,4330
2389,4343
2390,4344
2391,4332
2392,4338
2393,4331
2394,4334
2395,4326
2396,4331
2397,4326
2398,4326
2399,4319
2400,4323
2401,4319
2402,4320
2403,4335
2404,4327
2405,4326
2406,4315
2407,4329
2408,4323
2409,4325
2410,4311
2411,4314
2412,4321
2413,4313
2414,4314
2415,4314
2416,4314
2417,4317
2418,4328
2419,4319
2420,4318
2421,4328
2422,4318
2423,4313
2424,4304
2425,4300
2426,4311
2427,4314
2428,4317
2429,4288
2430,4308
2431,4310
2432,4310
2433,4303
2434,4317
2435,4294
2436,4304
2437,4318
2438,4310
2439,4319
2440,4302
2441,4314
2442,4304
2443,4315
2444,4318
2445,4303
2446,4312
2447,4314
2448,4313
2449,4317
2450,4313
2451,4325
2452,4308
2453,4308
2454,4318
2455,4322
2456,4328
2457,4321
2458,4325
2459,4341
2460,4329
2461,4335
2462,4342
2463,4344
2464,4352
2465,4342
2466,4340
2467,4360
2468,4354
2469,4360
2470,4361
2471,4372
2472,4368
2473,4369
2474,4389
2475,4373
2476,4399
2477,4401
2478,4399
2479,4416
2480,4420
2481,4421
2482,4433
2483,4433
2484,4433
2485,4447
2486,4452
2487,4460
2488,4464
2489,4483
2490,4487
2491,4486
2492,4502
2493,4498
2494,4508
2495,4499
2496,4504
2497,4523
2498,4529
2499,4518
2500,4528
2501,4532
2502,4534
2503,4529
2504,4536
2505,4543
2506,4541
2507,4554
2508,4541
2509,4548
2510,4556
2511,4560
2512,4564
2513,4559
2514,4563
2515,4559
2516,4556
2517,4554
2518,4560
2519,4552
2520,4550
2521,4536
2522,4550
2523,4550
2524,4547
2525,4534
2526,4537
2527,4539
2528,4524
2529,4521
2530,4515
2531,4514
2532,4512
2533,4498
2534,4502
2535,4487
2536,4469
2537,4478
2538,4474
2539,4459
2540,4447
2541,4452
2542,4434
2543,4426
2544,4426
2545,4412
2546,4410
2547,4410
2548,4403
2549,4394
2550,4384
2551,4392
2552,4390
2553,4382
2554,4381
2555,4369
2556,4360
2557,4354
2558,4355
2559,4352
2560,4346
2561,4356
2562,4350
2563,4358
2564,4356
2565,4355
2566,4354
2567,4350
2568,4337
2569,4354
2570,4347
2571,4351
2572,4351
2573,4347
2574,4354
2575,4370
2576,4361
2577,4361
2578,4358
2579,4366
2580,4361
2581,4352
2582,4375
2583,4382
2584,4370
2585,4373
2586,4366
2587,4380
2588,4363
2589,4381
2590,4378
2591,4375
2592,4371
2593,4377
2594,4376
2595,4375
2596,4373
2597,4385
2598,4371
2599,4384
2600,4382
2601,4387
2602,4376
2603,4376
2604,4396
2605,4380
2606,4397
2607,4397
2608,4384
2609,4381
2610,4386
2611,4393
2612,4402
2613,4387
2614,4399
2615,4394
2616,4421
2617,4408
2618,4418
2619,4409
2620,4425
2621,4433
2622,4432
2623,4444
2624,4451
2625,4455
2626,4477
2627,4481
2628,4491
2629,4504
2630,4510
2631,4527
2632,4548
2633,4539
2634,4567
2635,4565
2636,4576
2637,4598
2638,4617
2639,4638
2640,4642
2641,4671
2642,4697
2643,4709
2644,4732
2645,4749
2646,4771
2647,4792
2648,4827
2649,4836
2650,4870
2651,4887
2652,4916
2653,4930
2654,4947
2655,4968
2656,4998
2657,5010
2658,5037
2659,5050
2660,5080
2661,5087
2662,5096
2663,5116
2664,5145
2665,5147
2666,5145
2667,5175
2668,5177
2669,5185
2670,5189
2671,5214
2672,5216
2673,5222
2674,5226
2675,5232
2676,5229
2677,5234
2678,5242
2679,5228
2680,5231
2681,5230
2682,5228
2683,5216
2684,5220
2685,5213
2686,5195
2687,5176
2688,5176
2689,5160
2690,5149
2691,5128
2692,5128
2693,5117
2694,5083
2695,5084
2696,5052
2697,5033
2698,5014
2699,5000
2700,4975
2701,4960
2702,4938
2703,4924
2704,4890
2705,4885
2706,4842
2707,4832
2708,4824
2709,4798
2710,4773
2711,4765
2712,4751
2713,4730
2714,4713
2715,4699
2716,4668
2717,4668
2718,4648
2719,4624
2720,4602
2721,4593
2722,4585
2723,4558
2724,4552
2725,4524
2726,4529
2727,4510
2728,4501
2729,4487
2730,4496
2731,4469
2732,4462
2733,4446
2734,4445
2735,4436
2736,4422
2737,4429
2738,4422
2739,4417
2740,4410
2741,4398
2742,4391
2743,4392
2744,4391
2745,4379
2746,4382
2747,4376
2748,4372
2749,4378
2750,4372
2751,4359
2752,4343
2753,4362
2754,4364
2755,4367
2756,4347
2757,4360
2758,4354
2759,4346
2760,4357
2761,4348
2762,4352
2763,4361
2764,4358
2765,4348
2766,4351
2767,4344
2768,4341
2769,4357
2770,4338
2771,4338
2772,4350
2773,4340
2774,4346
2775,4331
2776,4324
2777,4344
2778,4335
2779,4336
2780,4324
2781,4328
2782,4343
2783,4337
2784,4329
2785,4329
2786,4327
2787,4336
2788,4319
2789,4327
2790,4327
2791,4328
2792,4328
2793,4322
2794,4330
2795,4316
2796,4329
2797,4323
2798,4327
2799,4327
2800,4326
2801,4337
2802,4339
2803,4331
2804,4341
2805,4337
2806,4328
2807,4326
2808,4324
2809,4333
2810,4333
2811,4337
2812,4337
2813,4345
2814,4336
2815,4344
2816,4348
2817,4351
2818,4351
2819,4350
2820,4353
2821,4368
2822,4361
2823,4364
2824,4366
2825,4359
2826,4360
2827,4349
2828,4373
2829,4362
2830,4375
2831,4374
2832,4382
2833,4390
2834,4385
2835,4385
2836,4390
2837,4391
2838,4388
2839,4402
2840,4394
2841,4389
2842,4410
2843,4390
2844,4397
2845,4410
2846,4404
2847,4419
2848,4412
2849,4418
2850,4416
2851,4421
2852,4428
2853,4422
2854,4432
2855,4431
2856,4438
2857,4431
2858,4436
2859,4424
2860,4426
2861,4437
2862,4448
2863,4428
2864,4438
2865,4434
2866,4440
2867,4444
2868,4440
2869,4424
2870,4425
2871,4437
2872,4421
2873,4447
2874,4430
2875,4424
2876,4434
2877,4444
2878,4424
2879,4429
2880,4409
2881,4417
2882,4406
2883,4422
2884,4421
2885,4418
2886,4418
2887,4406
2888,4409
2889,4398
2890,4394
2891,4389
2892,4408
2893,4408
2894,4373
2895,4389
2896,4380
2897,4379
2898,4374
2899,4368
2900,4376
2901,4361
2902,4362
2903,4370
2904,4352
2905,4350
2906,4353
2907,4356
2908,4342
2909,4343
2910,4341
2911,4343
2912,4336
2913,4329
2914,4334
2915,4330
2916,4321
2917,4328
2918,4320
2919,4317
2920,4315
2921,4326
2922,4325
2923,4316
2924,4323
2925,4318
2926,4321
2927,4315
2928,4309
2929,4323
2930,4325
2931,4326
2932,4324
2933,4329
2934,4330
2935,4322
2936,4313
2937,4334
2938,4335
2939,4327
2940,4339
2941,4332
2942,4330
2943,4338
2944,4326
2945,4333
2946,4335
2947,4337
2948,4343
2949,4348
2950,4351
2951,4338
2952,4347
2953,4354
2954,4353
2955,4355
2956,4356
2957,4353
2958,4371
2959,4361
2960,4352
2961,4362
2962,4372
2963,4371
2964,4347
2965,4359
2966,4373
2967,4361
2968,4390
2969,4375
2970,4373
2971,4374
2972,4388
2973,4389
2974,4391
2975,4401
2976,4403
2977,4416
2978,4413
2979,4420
2980,4426
2981,4429
2982,4450
2983,4448
2984,4451
2985,4465
2986,4475
2987,4490
2988,4493
2989,4498
2990,4523
2991,4523
2992,4543
2993,4563
2994,4557
2995,4570
2996,4597
2997,4595
2998,4608
2999,4622
3000,4638
3001,4646
3002,4673
3003,4683
3004,4703
3005,4710
3006,4728
3007,4754
3008,4757
3009,4781
3010,4797
3011,4805
3012,4819
3013,4822
3014,4853
3015,4861
