2000,4508
1999,4505
1998,4509
1997,4505
1996,4501
1995,4515
1994,4501
1993,4485
1992,4480
1991,4486
1990,4496
1989,4486
1988,4483
1987,4489
1986,4487
1985,4480
1984,4496
1983,4480
1982,4475
1981,4477
1980,4480
1979,4467
1978,4474
1977,4475
1976,4476
1975,4472
1974,4471
1973,4459
1972,4464
1971,4455
1970,4463
1969,4470
1968,4462
1967,4463
1966,4455
1965,4469
1964,4456
1963,4463
1962,4461
1961,4450
1960,4453
1959,4460
1958,4453
1957,4449
1956,4437
1955,4447
1954,4445
1953,4446
1952,4428
1951,4454
1950,4430
1949,4430
1948,4420
1947,4419
1946,4424
1945,4410
1944,4406
1943,4400
1942,4401
1941,4387
1940,4379
1939,4380
1938,4390
1937,4375
1936,4371
1935,4366
1934,4362
1933,4358
1932,4363
1931,4359
1930,4355
1929,4354
1928,4347
1927,4351
1926,4339
1925,4345
1924,4349
1923,4340
1922,4334
1921,4335
1920,4340
1919,4327
1918,4316
1917,4325
1916,4330
1915,4337
1914,4328
1913,4323
1912,4333
1911,4342
1910,4329
1909,4314
1908,4320
1907,4319
1906,4324
1905,4330
1904,4324
1903,4324
1902,4317
1901,4326
1900,4321
1899,4326
1898,4326
1897,4318
1896,4325
1895,4323
1894,4320
1893,4329
1892,4315
1891,4329
1890,4326
1889,4332
1888,4337
1887,4338
1886,4336
1885,4335
1884,4350
1883,4349
1882,4352
1881,4355
1880,4364
1879,4374
1878,4383
1877,4390
1876,4381
1875,4387
1874,4390
1873,4400
1872,4411
1871,4415
1870,4421
1869,4445
1868,4430
1867,4453
1866,4459
1865,4460
1864,4467
1863,4486
1862,4481
1861,4477
1860,4491
1859,4485
1858,4493
1857,4499
1856,4506
1855,4501
1854,4499
1853,4504
1852,4511
1851,4528
1850,4510
1849,4522
1848,4525
1847,4528
1846,4524
1845,4521
1844,4536
1843,4528
1842,4529
1841,4537
1840,4541
1839,4546
1838,4546
1837,4535
1836,4539
1835,4549
1834,4550
1833,4553
1832,4543
1831,4553
1830,4563
1829,4565
1828,4560
1827,4584
1826,4571
1825,4582
1824,4592
1823,4582
1822,4596
1821,4591
1820,4597
1819,4601
1818,4606
1817,4597
1816,4604
1815,4625
1814,4640
1813,4622
1812,4632
1811,4645
1810,4640
1809,4641
1808,4639
1807,4651
1806,4655
1805,4648
1804,4663
1803,4652
1802,4668
1801,4650
1800,4668
1799,4665
1798,4676
1797,4658
1796,4685
1795,4665
1794,4659
1793,4669
1792,4669
1791,4665
1790,4665
1789,4665
1788,4667
1787,4658
1786,4662
1785,4671
1784,4673
1783,4665
1782,4683
1781,4677
1780,4675
1779,4679
1778,4680
1777,4689
1776,4698
1775,4699
1774,4705
1773,4710
1772,4712
1771,4711
1770,4723
1769,4734
1768,4720
1767,4744
1766,4750
1765,4753
1764,4755
1763,4766
1762,4776
1761,4792
1760,4793
1759,4800
1758,4827
1757,4820
1756,4842
1755,4836
1754,4859
1753,4858
1752,4884
1751,4891
1750,4906
1749,4904
1748,4916
1747,4920
1746,4929
1745,4934
1744,4930
1743,4935
1742,4945
1741,4941
1740,4942
1739,4939
1738,4962
1737,4955
1736,4946
1735,4939
1734,4948
1733,4955
1732,4947
1731,4948
1730,4929
1729,4931
1728,4927
1727,4913
1726,4907
1725,4906
1724,4901
1723,4891
1722,4896
1721,4895
1720,4882
1719,4873
1718,4868
1717,4857
1716,4871
1715,4854
1714,4853
1713,4859
1712,4839
1711,4846
1710,4856
1709,4850
1708,4848
1707,4832
1706,4842
1705,4823
1704,4828
1703,4821
1702,4823
1701,4809
1700,4798
1699,4800
1698,4788
1697,4786
1696,4772
1695,4770
1694,4747
1693,4747
1692,4739
1691,4713
1690,4708
1689,4703
1688,4690
1687,4683
1686,4667
1685,4650
1684,4634
1683,4624
1682,4602
1681,4611
1680,4601
1679,4578
1678,4579
1677,4575
1676,4568
1675,4577
1674,4554
1673,4557
1672,4551
1671,4542
1670,4555
1669,4544
1668,4534
1667,4532
1666,4540
1665,4532
1664,4534
1663,4531
1662,4529
1661,4539
1660,4535
1659,4530
1658,4540
1657,4518
1656,4526
1655,4517
1654,4520
1653,4522
1652,4510
1651,4516
1650,4507
1649,4494
1648,4496
1647,4496
1646,4494
1645,4482
1644,4486
1643,4496
1642,4476
1641,4475
1640,4463
1639,4470
1638,4452
1637,4460
1636,4454
1635,4442
1634,4445
1633,4436
1632,4439
1631,4416
1630,4429
1629,4425
1628,4428
1627,4407
1626,4408
1625,4415
1624,4415
1623,4392
1622,4406
1621,4400
1620,4391
1619,4393
1618,4395
1617,4380
1616,4375
1615,4364
1614,4370
1613,4369
1612,4374
1611,4363
1610,4355
1609,4358
1608,4351
1607,4361
1606,4351
1605,4348
1604,4349
1603,4342
1602,4354
1601,4348
1600,4349
1599,4329
1598,4337
1597,4327
1596,4337
1595,4332
1594,4316
1593,4315
1592,4332
1591,4323
1590,4335
1589,4329
1588,4335
1587,4332
1586,4327
1585,4326
1584,4314
1583,4318
1582,4325
1581,4311
1580,4312
1579,4313
1578,4317
1577,4317
1576,4330
1575,4332
1574,4324
1573,4330
1572,4320
1571,4332
1570,4326
1569,4339
1568,4345
1567,4333
1566,4317
1565,4330
1564,4343
1563,4327
1562,4338
1561,4343
1560,4333
1559,4345
1558,4330
1557,4352
1556,4352
1555,4361
1554,4359
1553,4359
1552,4355
1551,4378
1550,4376
1549,4390
1548,4400
1547,4406
1546,4409
1545,4412
1544,4429
1543,4433
1542,4444
1541,4461
1540,4473
1539,4482
1538,4492
1537,4497
1536,4501
1535,4516
1534,4513
1533,4523
1532,4542
1531,4549
1530,4563
1529,4567
1528,4573
1527,4591
1526,4585
1525,4593
1524,4609
1523,4600
1522,4612
1521,4614
1520,4620
1519,4634
1518,4632
1517,4634
1516,4643
1515,4649
1514,4655
1513,4664
1512,4667
1511,4682
1510,4697
1509,4699
1508,4708
1507,4721
1506,4729
1505,4737
1504,4758
1503,4761
1502,4781
1501,4787
1500,4826
1499,4831
1498,4844
1497,4851
1496,4867
1495,4876
1494,4891
1493,4911
1492,4921
1491,4930
1490,4942
1489,4945
1488,4969
1487,4982
1486,4987
1485,4994
1484,5007
1483,5010
1482,5022
1481,5028
1480,5032
1479,5045
1478,5051
1477,5055
1476,5063
1475,5069
1474,5079
1473,5074
1472,5091
1471,5088
1470,5105
1469,5108
1468,5113
1467,5107
1466,5118
1465,5111
1464,5105
1463,5116
1462,5125
1461,5113
1460,5122
1459,5107
1458,5114
1457,5101
1456,5101
1455,5102
1454,5093
1453,5069
1452,5075
1451,5062
1450,5041
1449,5035
1448,5037
1447,5035
1446,5016
1445,5013
1444,5002
1443,4994
1442,4987
1441,4982
1440,4983
1439,4981
1438,4973
1437,4960
1436,4969
1435,4963
1434,4973
1433,4959
1432,4961
1431,4960
1430,4956
1429,4975
1428,4967
1427,4980
1426,4974
1425,4984
1424,4978
1423,4975
1422,4968
1421,4975
1420,4980
1419,4980
1418,4977
1417,4982
1416,4968
1415,4970
1414,4967
1413,4967
1412,4963
1411,4966
1410,4959
1409,4964
1408,4970
1407,4963
1406,4959
1405,4963
1404,4966
1403,4972
1402,4972
1401,4969
1400,4981
1399,4974
1398,4990
1397,4992
1396,5003
1395,5012
1394,5020
1393,5016
1392,5018
1391,5029
1390,5047
1389,5052
1388,5055
1387,5041
1386,5042
1385,5036
1384,5040
1383,5043
1382,5052
1381,5040
1380,5037
1379,5022
1378,5012
1377,5008
1376,5002
1375,4990
1374,4982
1373,4962
1372,4955
1371,4945
1370,4920
1369,4918
1368,4916
1367,4899
1366,4891
1365,4876
1364,4859
1363,4852
1362,4840
1361,4832
1360,4834
1359,4808
1358,4797
1357,4806
1356,4779
1355,4780
1354,4769
1353,4748
1352,4758
1351,4746
1350,4721
1349,4724
1348,4713
1347,4694
1346,4685
1345,4671
1344,4653
1343,4660
1342,4635
1341,4621
1340,4601
1339,4600
1338,4580
1337,4567
1336,4558
1335,4545
1334,4538
1333,4534
1332,4514
1331,4520
1330,4495
1329,4504
1328,4480
1327,4478
1326,4483
1325,4463
1324,4472
1323,4469
1322,4467
1321,4463
1320,4472
1319,4472
1318,4475
1317,4459
1316,4475
1315,4471
1314,4463
1313,4471
1312,4472
1311,4463
1310,4466
1309,4472
1308,4472
1307,4472
1306,4464
1305,4464
1304,4466
1303,4460
1302,4456
1301,4450
1300,4450
1299,4453
1298,4445
1297,4447
1296,4432
1295,4427
1294,4440
1293,4432
1292,4423
1291,4420
1290,4400
1289,4412
1288,4407
1287,4400
1286,4395
1285,4394
1284,4386
1283,4374
1282,4381
1281,4369
1280,4363
1279,4385
1278,4363
1277,4369
1276,4361
1275,4370
1274,4369
1273,4367
1272,4380
1271,4364
1270,4357
1269,4358
1268,4378
1267,4373
1266,4371
1265,4366
1264,4371
1263,4380
1262,4372
1261,4387
1260,4383
1259,4379
1258,4385
1257,4392
1256,4386
1255,4398
1254,4399
1253,4411
1252,4423
1251,4431
1250,4436
1249,4444
1248,4460
1247,4451
1246,4458
1245,4444
1244,4456
1243,4463
1242,4478
1241,4486
1240,4480
1239,4496
1238,4500
1237,4501
1236,4511
1235,4501
1234,4515
1233,4520
1232,4517
1231,4512
1230,4518
1229,4512
1228,4508
1227,4517
1226,4512
1225,4514
1224,4504
1223,4509
1222,4501
1221,4505
1220,4510
1219,4495
1218,4487
1217,4495
1216,4500
1215,4491
1214,4504
1213,4494
1212,4503
1211,4510
1210,4518
1209,4525
1208,4520
1207,4531
1206,4545
1205,4550
1204,4570
1203,4580
1202,4595
1201,4605
1200,4646
1199,4653
1198,4663
1197,4682
1196,4711
1195,4740
1194,4760
1193,4777
1192,4797
1191,4841
1190,4853
1189,4866
1188,4909
1187,4927
1186,4960
1185,4990
1184,5023
1183,5048
1182,5078
1181,5102
1180,5124
1179,5148
1178,5186
1177,5211
1176,5255
1175,5288
1174,5313
1173,5344
1172,5378
1171,5389
1170,5418
1169,5458
1168,5463
1167,5486
1166,5517
1165,5526
1164,5539
1163,5549
1162,5566
1161,5587
1160,5594
1159,5596
1158,5608
1157,5602
1156,5600
1155,5593
1154,5582
1153,5573
1152,5559
1151,5555
1150,5530
1149,5527
1148,5504
1147,5488
1146,5488
1145,5456
1144,5441
1143,5438
1142,5425
1141,5413
1140,5396
1139,5392
1138,5402
1137,5390
1136,5394
1135,5395
1134,5409
1133,5405
1132,5409
1131,5428
1130,5439
1129,5461
1128,5472
1127,5486
1126,5513
1125,5524
1124,5534
1123,5564
1122,5570
1121,5583
1120,5596
1119,5602
1118,5621
1117,5627
1116,5633
1115,5632
1114,5622
1113,5632
1112,5624
1111,5610
1110,5600
1109,5607
1108,5592
1107,5590
1106,5583
1105,5569
1104,5566
1103,5559
1102,5559
1101,5550
1100,5555
1099,5556
1098,5559
1097,5558
1096,5563
1095,5568
1094,5586
1093,5578
1092,5579
1091,5590
1090,5612
1089,5626
1088,5634
1087,5645
1086,5643
1085,5652
1084,5665
1083,5669
1082,5683
1081,5655
1080,5660
1079,5671
1078,5673
1077,5668
1076,5643
1075,5635
1074,5608
1073,5600
1072,5564
1071,5550
1070,5527
1069,5498
1068,5477
1067,5442
1066,5418
1065,5392
1064,5349
1063,5330
1062,5313
1061,5279
1060,5267
1059,5240
1058,5213
1057,5207
1056,5180
1055,5179
1054,5153
1053,5148
1052,5151
1051,5142
1050,5146
1049,5138
1048,5138
1047,5132
1046,5136
1045,5133
1044,5132
1043,5137
1042,5123
1041,5123
1040,5127
1039,5132
1038,5129
1037,5106
1036,5110
1035,5095
1034,5091
1033,5072
1032,5067
1031,5056
1030,5031
1029,5033
1028,5022
1027,5003
1026,4985
1025,4971
1024,4972
1023,4964
1022,4934
1021,4926
1020,4906
1019,4902
1018,4904
1017,4879
1016,4871
1015,4856
1014,4851
1013,4828
1012,4820
1011,4800
1010,4795
1009,4784
1008,4761
1007,4759
1006,4728
1005,4720
1004,4708
1003,4706
1002,4669
1001,4665
1000,4639
999,4644
998,4615
997,4611
996,4588
995,4572
994,4554
993,4540
992,4525
991,4511
990,4489
989,4493
988,4466
987,4466
986,4443
985,4442
984,4438
983,4422
982,4411
981,4406
980,4391
979,4406
978,4399
977,4403
976,4409
975,4405
974,4407
973,4401
972,4425
971,4431
970,4418
969,4433
968,4444
967,4438
966,4444
965,4444
964,4470
963,4466
962,4467
961,4466
960,4472
959,4478
958,4470
957,4488
956,4489
955,4507
954,4497
953,4509
952,4524
951,4511
950,4519
949,4519
948,4525
947,4528
946,4535
945,4546
944,4537
943,4560
942,4548
941,4557
940,4570
939,4561
938,4581
937,4594
936,4608
935,4603
934,4619
933,4617
932,4622
931,4644
930,4645
929,4655
928,4650
927,4657
926,4678
925,4677
924,4676
923,4683
922,4710
921,4711
920,4723
919,4735
918,4734
917,4746
916,4747
915,4763
914,4772
913,4786
912,4794
911,4794
910,4813
909,4831
908,4846
907,4834
906,4852
905,4860
904,4870
903,4881
902,4906
901,4934
900,4941
899,4962
898,4979
897,5000
896,5006
895,5042
894,5068
893,5086
892,5110
891,5125
890,5164
889,5172
888,5213
887,5235
886,5276
885,5295
884,5327
883,5344
882,5380
881,5408
880,5423
879,5438
878,5483
877,5517
876,5552
875,5584
874,5605
873,5632
872,5662
871,5693
870,5722
869,5733
868,5771
867,5784
866,5805
865,5828
864,5860
863,5886
862,5909
861,5923
860,5942
859,5951
858,5974
857,6003
856,6047
855,6069
854,6085
853,6102
852,6157
851,6164
850,6194
849,6229
848,6259
847,6266
846,6322
845,6340
844,6363
843,6397
842,6420
841,6436
840,6455
839,6474
838,6493
837,6498
836,6529
835,6510
834,6531
833,6535
832,6527
831,6502
830,6518
829,6507
828,6484
827,6466
826,6435
825,6413
824,6386
823,6359
822,6317
821,6289
820,6255
819,6245
818,6220
817,6180
816,6174
815,6158
814,6151
813,6167
812,6157
811,6155
810,6147
809,6165
808,6195
807,6216
806,6291
805,6335
804,6401
803,6439
802,6508
801,6575
800,6651
799,6734
798,6798
797,6849
796,6933
795,6978
794,7058
793,7098
792,7139
791,7175
790,7238
789,7250
788,7271
787,7267
786,7276
785,7264
784,7257
783,7232
782,7195
781,7160
780,7104
779,7038
778,6993
777,6931
776,6848
775,6782
774,6710
773,6649
772,6554
771,6492
770,6405
769,6332
768,6293
767,6247
766,6200
765,6179
764,6133
763,6124
762,6111
761,6102
760,6114
759,6119
758,6173
757,6187
756,6225
755,6254
754,6312
753,6353
752,6418
751,6453
750,6526
749,6531
748,6601
747,6659
746,6697
745,6709
744,6752
743,6756
742,6771
741,6768
740,6759
739,6730
738,6711
737,6674
736,6638
735,6597
734,6570
733,6506
732,6465
731,6435
730,6383
729,6333
728,6269
727,6238
726,6185
725,6148
724,6107
723,6066
722,6026
721,6005
720,5972
719,5945
718,5926
717,5896
716,5899
715,5872
714,5861
713,5844
712,5827
711,5822
710,5777
709,5783
708,5753
707,5743
706,5727
705,5696
704,5667
703,5645
702,5623
701,5591
700,5559
699,5519
698,5491
697,5438
696,5413
695,5363
694,5318
693,5265
692,5224
691,5167
690,5129
689,5081
688,5050
687,4995
686,4964
685,4934
684,4896
683,4871
682,4850
681,4830
680,4814
679,4804
678,4797
677,4808
676,4828
675,4816
674,4857
673,4859
672,4886
671,4902
670,4927
669,4934
668,4978
667,4993
666,5024
665,5040
664,5062
663,5099
662,5096
661,5088
660,5116
659,5116
658,5127
657,5112
656,5127
655,5127
654,5146
653,5141
652,5135
651,5133
650,5160
649,5152
648,5161
647,5177
646,5188
645,5204
644,5211
643,5230
642,5245
641,5258
640,5263
639,5273
638,5284
637,5303
636,5302
635,5332
634,5341
633,5341
632,5350
631,5352
630,5358
629,5359
628,5366
627,5363
626,5354
625,5366
624,5358
623,5361
622,5340
621,5341
620,5326
619,5312
618,5299
617,5278
616,5261
615,5238
614,5221
613,5215
612,5209
611,5192
610,5175
609,5169
608,5180
607,5169
606,5174
605,5180
604,5198
603,5216
602,5222
601,5245
600,5283
599,5312
598,5365
597,5392
596,5433
595,5482
594,5522
593,5556
592,5615
591,5641
590,5700
589,5721
588,5769
587,5804
586,5846
585,5876
584,5902
583,5926
582,5974
581,6000
580,6056
579,6081
578,6129
577,6124
576,6186
575,6225
574,6264
573,6328
572,6407
571,6460
570,6555
569,6630
568,6728
567,6799
566,6915
565,7010
564,7135
563,7229
562,7363
561,7470
560,7585
559,7683
558,7797
557,7886
556,8003
555,8096
554,8224
553,8294
552,8393
551,8433
550,8512
549,8565
548,8624
547,8642
546,8698
545,8675
544,8719
543,8700
542,8710
541,8704
540,8689
539,8666
538,8659
537,8642
536,8633
535,8625
534,8620
533,8599
532,8608
531,8621
530,8656
529,8700
528,8786
527,8838
526,8927
525,9022
524,9149
523,9237
522,9386
521,9491
520,9683
519,9826
518,10053
517,10209
516,10395
515,10519
514,10722
513,10860
512,11009
511,11098
510,11267
509,11370
508,11539
507,11600
506,11695
505,11725
504,11774
503,11785
502,11735
501,11703
500,11666
499,11579
498,11483
497,11352
496,11203
495,11075
494,10905
493,10736
492,10547
491,10409
490,10236
489,10077
488,9907
487,9766
486,9570
485,9414
484,9281
483,9143
482,9027
481,8925
480,8849
479,8774
478,8743
477,8732
476,8740
475,8740
474,8796
473,8839
472,8930
471,8990
470,9111
469,9167
468,9275
467,9336
466,9454
465,9535
464,9638
463,9714
462,9840
461,9909
460,9992
459,10019
458,10129
457,10075
456,10089
455,10069
454,10032
453,9989
452,9964
451,9898
450,9845
449,9744
448,9698
447,9574
446,9489
445,9381
444,9275
443,9196
442,9112
441,9028
440,8960
439,8885
438,8860
437,8818
436,8806
435,8776
434,8810
433,8825
432,8891
431,8943
430,9055
429,9134
428,9285
427,9386
426,9536
425,9666
424,9839
423,9952
422,10123
421,10259
420,10401
419,10506
418,10634
417,10682
416,10799
415,10830
414,10870
413,10856
412,10828
411,10794
410,10726
409,10672
408,10528
407,10409
406,10255
405,10082
404,9923
403,9747
402,9539
401,9341
400,9105
399,8898
398,8679
397,8489
396,8222
395,8035
394,7848
393,7665
392,7478
391,7322
390,7163
389,7047
388,6912
387,6836
386,6761
385,6711
384,6716
383,6725
382,6771
381,6834
380,6922
379,7019
378,7203
377,7347
376,7544
375,7737
374,7952
373,8145
372,8402
371,8594
370,8807
369,8976
368,9162
367,9303
366,9466
365,9550
364,9634
363,9676
362,9732
361,9697
360,9687
359,9628
358,9592
357,9522
356,9437
355,9323
354,9214
353,9098
352,8967
351,8795
350,8653
349,8508
348,8381
347,8274
346,8146
345,8028
344,7907
343,7809
342,7695
341,7600
340,7506
339,7398
338,7336
337,7248
336,7156
335,7125
334,7073
333,7035
332,7001
331,6954
330,6933
329,6890
328,6863
327,6868
326,6853
325,6855
324,6856
323,6827
322,6835
321,6825
320,6808
319,6795
318,6792
317,6779
316,6786
315,6780
314,6759
313,6768
312,6780
311,6794
310,6860
309,6912
308,7034
307,7131
306,7303
305,7474
304,7774
303,8012
302,8381
301,8669
300,9042
299,9372
298,9822
297,10227
296,10676
295,11013
294,11414
293,11765
292,12142
291,12365
290,12667
289,12885
288,13130
287,13270
286,13459
285,13531
284,13641
283,13745
282,13893
281,13933
280,14137
279,14113
278,14203
277,14273
276,14452
275,14569
274,14748
273,14905
272,15119
271,15324
270,15692
269,16015
268,16279
267,16534
266,16916
265,17265
264,17758
263,18147
262,18689
261,19129
260,19622
259,19988
258,20501
257,20885
256,21433
255,21812
254,22340
253,22748
252,23246
251,23644
250,24213
249,24458
248,24919
247,25199
246,25601
245,25838
244,26090
243,26110
242,26321
241,26291
240,26285
239,26180
238,26047
237,25869
236,25727
235,25477
234,25290
233,25039
232,24825
231,24654
230,24596
229,24564
228,24832
227,25056
226,25384
225,25730
224,26228
223,26720
222,27406
221,28102
220,29104
219,29885
218,31203
217,32220
216,33785
215,34947
214,36636
213,37898
212,39691
211,40968
210,42782
209,43949
208,45809
207,47114
206,49007
205,50263
204,51896
203,53156
202,54876
201,55960
200,57434
199,58394
198,59657
197,60290
196,61298
195,61781
194,62553
193,62766
192,63210
191,63030
190,62850
189,62786
188,62422
187,61788
186,61029
185,60159
184,59113
183,57988
182,56919
181,56047
180,55107
179,54117
178,53154
177,52106
176,51552
175,50977
174,50770
173,50716
172,51028
171,51295
170,52445
169,53288
168,54663
167,55822
166,57862
165,59602
164,61932
163,64046
162,67183
161,69953
160,73195
159,76030
158,79971
157,82965
156,87006
155,90412
154,95065
153,98870
152,103502
151,106781
150,111735
149,114918
148,119757
147,122864
146,127400
145,130251
144,133698
143,136077
142,138896
141,140015
140,141554
139,142024
138,142581
137,141392
136,140300
135,138062
134,136502
133,134121
132,130967
131,127609
130,123904
129,119999
128,115925
127,112266
126,108950
125,105510
124,102591
123,100280
122,98596
121,97037
120,96717
119,96978
118,98745
117,100672
116,104410
115,107990
114,113962
113,119570
112,127319
111,134186
110,145096
109,154939
108,167600
107,178710
106,193410
105,205829
104,221586
103,236238
102,256275
101,272640
100,297026
99,316030
98,336687
97,352270
96,375184
95,395443
94,423842
93,445120
92,471527
91,491435
90,518289
89,539936
88,566606
87,588061
86,616971
85,637036
84,661940
83,677406
82,698672
81,713256
80,732562
79,743694
78,762883
77,768690
76,781991
75,788652
74,798301
73,804256
72,813829
71,818678
70,827295
69,830529
68,837721
67,840052
66,846298
65,848508
64,859487
63,869082
62,883335
61,889547
60,905112
59,917748
58,937561
57,953131
56,982012
55,1001029
54,1035071
53,1065523
52,1104723
51,1135269
50,1176304
49,1209310
48,1256723
47,1291440
46,1349527
45,1399383
44,1453184
43,1499240
42,1571483
41,1643091
40,1708733
39,1759500
38,1821522
37,1868396
36,1923249
35,1968576
34,2029432
33,2066007
32,2123040
31,2165930
30,2231007
29,2270760
28,2320203
27,2359056
26,2399883
25,2429324
24,2481529
23,2509484
22,2558875
21,2577017
20,2623321
19,2635379
18,2673740
17,2679277
16,2709451
15,2731619
14,2751306
13,2761193
12,2788718
11,2791088
10,2808246
9,2804089
8,2810560
7,2813319
6,2813644
5,2799921
4,2802930
3,2791441
2,2782131
1,2767253
0,2749206
-1,2722293
-2,2693508
-3,2661062
-4,2624876
-5,2583063
-6,2538401
-7,2494173
-8,2443306
-9,2386046
-10,2331949
-11,2282082
-12,2229543
-13,2181196
-14,2134170
-15,2078246
-16,2027281
-17,1975664
-18,1921202
-19,1879814
-20,1835596
-21,1792395
-22,1759002
-23,1719806
-24,1698546
-25,1669093
-26,1647634
-27,1630576
-28,1615172
-29,1597631
-30,1587525
-31,1575425
-32,1567637
-33,1551347
-34,1540517
-35,1527276
-36,1514732
-37,1496063
-38,1479291
-39,1458165
-40,1438644
-41,1411055
-42,1383400
-43,1349299
-44,1317933
-45,1279238
-46,1235133
-47,1191383
-48,1142029
-49,1090241
-50,1033536
-51,973602
-52,913893
-53,860318
-54,799019
-55,739911
-56,683178
-57,632357
-58,568009
-59,509537
-60,447712
-61,396421
-62,348241
-63,310746
-64,276171
-65,247654
-66,216493
-67,192981
-68,170111
-69,152306
-70,135229
-71,123062
-72,112519
-73,106284
-74,101889
-75,100152
-76,99897
-77,100951
-78,104945
-79,109072
-80,115411
-81,121446
-82,129576
-83,136216
-84,143765
-85,150067
-86,159839
-87,167631
-88,176099
-89,182334
-90,190161
-91,194543
-92,199352
-93,202273
-94,204672
-95,206641
-96,209939
-97,209983
-98,209012
-99,207492
-100,205307
-101,201615
-102,197488
-103,192189
-104,185657
-105,177607
-106,169264
-107,161219
-108,152727
-109,144360
-110,135274
-111,126408
-112,116195
-113,107725
-114,98487
-115,89672
-116,81089
-117,74017
-118,67726
-119,62206
-120,57166
-121,53314
-122,49734
-123,47634
-124,46151
-125,45398
-126,45289
-127,45781
-128,47026
-129,48385
-130,50613
-131,52285
-132,55197
-133,57843
-134,61150
-135,63683
-136,66842
-137,69135
-138,72195
-139,74051
-140,76045
-141,77106
-142,78190
-143,78938
-144,79767
-145,79361
-146,79157
-147,78308
-148,77614
-149,76160
-150,74848
-151,72964
-152,71023
-153,68612
-154,65983
-155,63485
-156,61018
-157,58800
-158,56084
-159,53127
-160,50468
-161,47980
-162,45408
-163,43179
-164,40647
-165,38402
-166,35967
-167,33947
-168,32098
-169,30480
-170,28944
-171,27792
-172,26741
-173,26008
-174,25513
-175,24831
-176,24587
-177,24514
-178,24652
-179,24569
-180,24701
-181,24885
-182,25089
-183,25323
-184,25485
-185,25596
-186,25777
-187,25678
-188,25675
-189,25573
-190,25510
-191,25215
-192,24930
-193,24587
-194,24219
-195,23883
-196,23303
-197,22823
-198,22322
-199,21879
-200,21376
-201,20838
-202,20261
-203,19752
-204,19289
-205,18904
-206,18457
-207,18099
-208,17769
-209,17456
-210,17140
-211,16910
-212,16614
-213,16395
-214,16211
-215,16002
-216,15785
-217,15587
-218,15547
-219,15343
-220,15210
-221,15127
-222,15004
-223,14867
-224,14779
-225,14664
-226,14573
-227,14467
-228,14335
-229,14210
-230,14043
-231,13790
-232,13552
-233,13327
-234,13080
-235,12795
-236,12555
-237,12200
-238,11844
-239,11473
-240,11056
-241,10701
-242,10278
-243,9894
-244,9503
-245,9143
-246,8762
-247,8439
-248,8094
-249,7801
-250,7538
-251,7337
-252,7142
-253,6995
-254,6859
-255,6751
-256,6666
-257,6601
-258,6551
-259,6500
-260,6463
-261,6422
-262,6402
-263,6352
-264,6325
-265,6290
-266,6256
-267,6236
-268,6194
-269,6152
-270,6138
-271,6110
-272,6098
-273,6079
-274,6068
-275,6059
-276,6080
-277,6081
-278,6106
-279,6132
-280,6189
-281,6205
-282,6252
-283,6277
-284,6313
-285,6353
-286,6381
-287,6412
-288,6447
-289,6471
-290,6487
-291,6491
-292,6512
-293,6507
-294,6507
-295,6526
-296,6527
-297,6508
-298,6514
-299,6504
-300,6521
-301,6502
-302,6495
-303,6485
-304,6483
-305,6443
-306,6455
-307,6427
-308,6396
-309,6379
-310,6343
-311,6304
-312,6281
-313,6229
-314,6185
-315,6158
-316,6137
-317,6130
-318,6114
-319,6099
-320,6120
-321,6129
-322,6143
-323,6173
-324,6230
-325,6278
-326,6330
-327,6388
-328,6475
-329,6531
-330,6623
-331,6706
-332,6799
-333,6854
-334,6963
-335,7023
-336,7108
-337,7176
-338,7238
-339,7279
-340,7338
-341,7376
-342,7448
-343,7471
-344,7549
-345,7595
-346,7681
-347,7725
-348,7816
-349,7884
-350,7986
-351,8059
-352,8165
-353,8276
-354,8426
-355,8537
-356,8675
-357,8804
-358,8953
-359,9059
-360,9205
-361,9318
-362,9467
-363,9575
-364,9713
-365,9789
-366,9900
-367,9990
-368,10093
-369,10164
-370,10207
-371,10254
-372,10298
-373,10300
-374,10337
-375,10292
-376,10261
-377,10200
-378,10144
-379,10029
-380,9944
-381,9787
-382,9608
-383,9463
-384,9303
-385,9152
-386,8949
-387,8771
-388,8558
-389,8376
-390,8150
-391,7948
-392,7728
-393,7617
-394,7468
-395,7368
-396,7253
-397,7191
-398,7163
-399,7120
-400,7147
-401,7189
-402,7282
-403,7377
-404,7547
-405,7688
-406,7908
-407,8091
-408,8364
-409,8577
-410,8873
-411,9085
-412,9387
-413,9606
-414,9876
-415,10059
-416,10334
-417,10513
-418,10747
-419,10877
-420,11043
-421,11153
-422,11291
-423,11354
-424,11407
-425,11443
-426,11470
-427,11466
-428,11451
-429,11405
-430,11350
-431,11286
-432,11202
-433,11086
-434,10972
-435,10811
-436,10678
-437,10519
-438,10398
-439,10243
-440,10114
-441,9987
-442,9852
-443,9722
-444,9614
-445,9490
-446,9392
-447,9279
-448,9180
-449,9123
-450,9052
-451,9009
-452,8961
-453,8909
-454,8856
-455,8791
-456,8741
-457,8698
-458,8636
-459,8572
-460,8506
-461,8438
-462,8371
-463,8276
-464,8199
-465,8135
-466,8061
-467,7977
-468,7903
-469,7832
-470,7743
-471,7667
-472,7624
-473,7574
-474,7554
-475,7531
-476,7505
-477,7518
-478,7547
-479,7574
-480,7643
-481,7681
-482,7766
-483,7840
-484,7956
-485,8031
-486,8163
-487,8253
-488,8373
-489,8454
-490,8603
-491,8687
-492,8809
-493,8876
-494,8959
-495,9005
-496,9065
-497,9092
-498,9122
-499,9125
-500,9118
-501,9080
-502,9050
-503,9005
-504,8945
-505,8850
-506,8767
-507,8632
-508,8525
-509,8392
-510,8246
-511,8073
-512,7898
-513,7758
-514,7581
-515,7432
-516,7256
-517,7105
-518,6930
-519,6803
-520,6630
-521,6518
-522,6381
-523,6275
-524,6159
-525,6067
-526,5979
-527,5927
-528,5842
-529,5790
-530,5750
-531,5720
-532,5696
-533,5660
-534,5648
-535,5620
-536,5618
-537,5612
-538,5609
-539,5604
-540,5597
-541,5574
-542,5577
-543,5575
-544,5547
-545,5529
-546,5509
-547,5497
-548,5475
-549,5441
-550,5414
-551,5404
-552,5366
-553,5357
-554,5332
-555,5304
-556,5280
-557,5265
-558,5232
-559,5212
-560,5197
-561,5157
-562,5149
-563,5122
-564,5095
-565,5071
-566,5046
-567,5031
-568,5023
-569,4997
-570,4975
-571,4943
-572,4934
-573,4924
-574,4891
-575,4875
-576,4874
-577,4850
-578,4826
-579,4819
-580,4800
-581,4789
-582,4765
-583,4757
-584,4733
-585,4715
-586,4704
-587,4694
-588,4684
-589,4669
-590,4659
-591,4645
-592,4632
-593,4630
-594,4616
-595,4611
-596,4591
-597,4590
-598,4568
-599,4576
-600,4570
-601,4569
-602,4563
-603,4560
-604,4554
-605,4560
-606,4561
-607,4551
-608,4563
-609,4555
-610,4549
-611,4564
-612,4563
-613,4562
-614,4576
-615,4591
-616,4596
-617,4600
-618,4612
-619,4618
-620,4620
-621,4645
-622,4650
-623,4662
-624,4680
-625,4690
-626,4718
-627,4716
-628,4741
-629,4751
-630,4767
-631,4782
-632,4799
-633,4808
-634,4823
-635,4826
-636,4838
-637,4845
-638,4865
-639,4854
-640,4863
-641,4882
-642,4872
-643,4882
-644,4896
-645,4887
-646,4881
-647,4893
-648,4895
-649,4890
-650,4916
-651,4904
-652,4920
-653,4922
-654,4922
-655,4937
-656,4949
-657,4939
-658,4956
-659,4963
-660,4983
-661,4982
-662,4981
-663,4992
-664,4988
-665,4987
-666,5006
-667,5012
-668,5019
-669,4998
-670,5008
-671,5000
-672,5018
-673,5008
-674,4998
-675,4997
-676,4986
-677,5004
-678,4994
-679,4985
-680,4982
-681,4979
-682,4986
-683,4967
-684,4972
-685,4971
-686,4978
-687,4978
-688,4987
-689,5005
-690,5028
-691,5036
-692,5058
-693,5090
-694,5121
-695,5141
-696,5182
-697,5222
-698,5269
-699,5313
-700,5361
-701,5410
-702,5461
-703,5519
-704,5570
-705,5622
-706,5671
-707,5726
-708,5780
-709,5821
-710,5852
-711,5892
-712,5937
-713,5952
-714,6011
-715,6033
-716,6067
-717,6087
-718,6116
-719,6148
-720,6184
-721,6186
-722,6238
-723,6246
-724,6277
-725,6297
-726,6339
-727,6355
-728,6396
-729,6423
-730,6463
-731,6493
-732,6538
-733,6562
-734,6604
-735,6622
-736,6671
-737,6698
-738,6740
-739,6743
-740,6773
-741,6770
-742,6792
-743,6786
-744,6796
-745,6772
-746,6766
-747,6725
-748,6714
-749,6668
-750,6638
-751,6594
-752,6533
-753,6488
-754,6414
-755,6353
-756,6281
-757,6216
-758,6142
-759,6064
-760,5963
-761,5896
-762,5818
-763,5739
-764,5653
-765,5586
-766,5528
-767,5470
-768,5418
-769,5371
-770,5316
-771,5282
-772,5258
-773,5239
-774,5216
-775,5210
-776,5196
-777,5203
-778,5216
-779,5219
-780,5246
-781,5253
-782,5262
-783,5289
-784,5320
-785,5335
-786,5368
-787,5380
-788,5411
-789,5445
-790,5458
-791,5466
-792,5493
-793,5503
-794,5530
-795,5531
-796,5548
-797,5572
-798,5580
-799,5572
-800,5605
-801,5597
-802,5609
-803,5617
-804,5624
-805,5625
-806,5645
-807,5641
-808,5655
-809,5646
-810,5660
-811,5656
-812,5663
-813,5655
-814,5653
-815,5655
-816,5660
-817,5654
-818,5649
-819,5645
-820,5646
-821,5619
-822,5629
-823,5601
-824,5578
-825,5571
-826,5560
-827,5533
-828,5519
-829,5480
-830,5454
-831,5441
-832,5403
-833,5372
-834,5339
-835,5314
-836,5272
-837,5243
-838,5217
-839,5171
-840,5138
-841,5100
-842,5066
-843,5027
-844,5003
-845,4970
-846,4944
-847,4920
-848,4881
-849,4868
-850,4844
-851,4828
-852,4811
-853,4787
-854,4760
-855,4746
-856,4738
-857,4702
-858,4702
-859,4701
-860,4683
-861,4664
-862,4654
-863,4641
-864,4638
-865,4624
-866,4620
-867,4605
-868,4597
-869,4597
-870,4587
-871,4570
-872,4561
-873,4558
-874,4560
-875,4546
-876,4550
-877,4534
-878,4532
-879,4530
-880,4525
-881,4519
-882,4515
-883,4504
-884,4515
-885,4493
-886,4500
-887,4500
-888,4481
-889,4490
-890,4488
-891,4488
-892,4489
-893,4473
-894,4476
-895,4478
-896,4466
-897,4470
-898,4476
-899,4465
-900,4473
-901,4474
-902,4467
-903,4475
-904,4466
-905,4481
-906,4469
-907,4465
-908,4467
-909,4467
-910,4479
-911,4489
-912,4483
-913,4485
-914,4484
-915,4475
-916,4478
-917,4488
-918,4504
-919,4488
-920,4501
-921,4506
-922,4511
-923,4514
-924,4518
-925,4532
-926,4543
-927,4539
-928,4543
-929,4559
-930,4571
-931,4586
-932,4606
-933,4606
-934,4609
-935,4636
-936,4644
-937,4649
-938,4666
-939,4683
-940,4701
-941,4704
-942,4732
-943,4743
-944,4762
-945,4757
-946,4773
-947,4787
-948,4792
-949,4789
-950,4808
-951,4814
-952,4817
-953,4822
-954,4826
-955,4823
-956,4827
-957,4825
-958,4818
-959,4822
-960,4828
-961,4820
-962,4814
-963,4793
-964,4805
-965,4802
-966,4779
-967,4786
-968,4783
-969,4771
-970,4776
-971,4776
-972,4769
-973,4767
-974,4759
-975,4763
-976,4753
-977,4756
-978,4757
-979,4767
-980,4760
-981,4756
-982,4755
-983,4763
-984,4754
-985,4745
-986,4758
-987,4753
-988,4754
-989,4752
-990,4766
-991,4749
-992,4757
-993,4763
-994,4752
-995,4759
-996,4763
-997,4763
-998,4768
-999,4772
-1000,4764
-1001,4782
-1002,4791
-1003,4776
-1004,4804
-1005,4779
-1006,4795
-1007,4795
-1008,4812
-1009,4811
-1010,4819
-1011,4822
-1012,4836
-1013,4826
-1014,4832
-1015,4826
-1016,4843
-1017,4851
-1018,4870
-1019,4863
-1020,4873
-1021,4882
-1022,4887
-1023,4887
-1024,4903
-1025,4928
-1026,4937
-1027,4936
-1028,4963
-1029,4963
-1030,4985
-1031,5000
-1032,5023
-1033,5027
-1034,5041
-1035,5056
-1036,5073
-1037,5086
-1038,5115
-1039,5112
-1040,5139
-1041,5158
-1042,5177
-1043,5180
-1044,5183
-1045,5193
-1046,5209
-1047,5197
-1048,5216
-1049,5213
-1050,5230
-1051,5215
-1052,5226
-1053,5210
-1054,5226
-1055,5202
-1056,5195
-1057,5187
-1058,5171
-1059,5160
-1060,5158
-1061,5138
-1062,5134
-1063,5117
-1064,5102
-1065,5109
-1066,5088
-1067,5094
-1068,5079
-1069,5054
-1070,5066
-1071,5070
-1072,5038
-1073,5026
-1074,5046
-1075,5028
-1076,5013
-1077,5010
-1078,5013
-1079,4998
-1080,4994
-1081,4975
-1082,4963
-1083,4963
-1084,4961
-1085,4941
-1086,4925
-1087,4923
-1088,4899
-1089,4890
-1090,4879
-1091,4869
-1092,4855
-1093,4842
-1094,4828
-1095,4827
-1096,4813
-1097,4816
-1098,4797
-1099,4797
-1100,4781
-1101,4778
-1102,4778
-1103,4777
-1104,4781
-1105,4772
-1106,4774
-1107,4775
-1108,4776
-1109,4787
-1110,4783
-1111,4799
-1112,4799
-1113,4813
-1114,4823
-1115,4824
-1116,4835
-1117,4841
-1118,4859
-1119,4859
-1120,4875
-1121,4876
-1122,4886
-1123,4886
-1124,4894
-1125,4889
-1126,4896
-1127,4891
-1128,4883
-1129,4891
-1130,4893
-1131,4885
-1132,4885
-1133,4879
-1134,4876
-1135,4868
-1136,4870
-1137,4844
-1138,4849
-1139,4848
-1140,4830
-1141,4841
-1142,4823
-1143,4814
-1144,4811
-1145,4808
-1146,4798
-1147,4790
-1148,4791
-1149,4781
-1150,4763
-1151,4773
-1152,4779
-1153,4766
-1154,4759
-1155,4754
-1156,4736
-1157,4740
-1158,4726
-1159,4737
-1160,4716
-1161,4711
-1162,4711
-1163,4699
-1164,4691
-1165,4673
-1166,4673
-1167,4661
-1168,4662
-1169,4656
-1170,4654
-1171,4648
-1172,4633
-1173,4627
-1174,4624
-1175,4607
-1176,4607
-1177,4596
-1178,4595
-1179,4585
-1180,4580
-1181,4574
-1182,4582
-1183,4565
-1184,4561
-1185,4575
-1186,4567
-1187,4553
-1188,4546
-1189,4546
-1190,4547
-1191,4523
-1192,4526
-1193,4522
-1194,4510
-1195,4514
-1196,4520
-1197,4523
-1198,4515
-1199,4513
-1200,4515
-1201,4511
-1202,4504
-1203,4500
-1204,4509
-1205,4494
-1206,4496
-1207,4482
-1208,4474
-1209,4482
-1210,4483
-1211,4469
-1212,4470
-1213,4473
-1214,4475
-1215,4464
-1216,4461
-1217,4463
-1218,4456
-1219,4445
-1220,4462
-1221,4442
-1222,4456
-1223,4442
-1224,4448
-1225,4435
-1226,4441
-1227,4441
-1228,4435
-1229,4437
-1230,4432
-1231,4439
-1232,4439
-1233,4431
-1234,4427
-1235,4436
-1236,4433
-1237,4437
-1238,4427
-1239,4433
-1240,4433
-1241,4430
-1242,4440
-1243,4426
-1244,4439
-1245,4442
-1246,4426
-1247,4433
-1248,4443
-1249,4442
-1250,4455
-1251,4449
-1252,4467
-1253,4452
-1254,4463
-1255,4463
-1256,4470
-1257,4468
-1258,4475
-1259,4482
-1260,4483
-1261,4484
-1262,4496
-1263,4497
-1264,4507
-1265,4513
-1266,4516
-1267,4526
-1268,4537
-1269,4523
-1270,4549
-1271,4544
-1272,4542
-1273,4535
-1274,4556
-1275,4552
-1276,4544
-1277,4554
-1278,4558
-1279,4550
-1280,4558
-1281,4567
-1282,4566
-1283,4563
-1284,4573
-1285,4574
-1286,4570
-1287,4581
-1288,4573
-1289,4576
-1290,4585
-1291,4583
-1292,4591
-1293,4586
-1294,4603
-1295,4586
-1296,4609
-1297,4598
-1298,4611
-1299,4618
-1300,4617
-1301,4629
-1302,4620
-1303,4630
-1304,4627
-1305,4637
-1306,4640
-1307,4647
-1308,4653
-1309,4662
-1310,4657
-1311,4665
-1312,4673
-1313,4686
-1314,4691
-1315,4689
-1316,4683
-1317,4704
-1318,4715
-1319,4707
-1320,4715
-1321,4722
-1322,4715
-1323,4721
-1324,4736
-1325,4741
-1326,4742
-1327,4740
-1328,4746
-1329,4744
-1330,4742
-1331,4745
-1332,4753
-1333,4739
-1334,4754
-1335,4750
-1336,4750
-1337,4760
-1338,4753
-1339,4747
-1340,4734
-1341,4735
-1342,4735
-1343,4721
-1344,4722
-1345,4706
-1346,4707
-1347,4694
-1348,4696
-1349,4682
-1350,4695
-1351,4673
-1352,4676
-1353,4658
-1354,4656
-1355,4654
-1356,4643
-1357,4649
-1358,4643
-1359,4636
-1360,4636
-1361,4638
-1362,4646
-1363,4627
-1364,4622
-1365,4641
-1366,4637
-1367,4631
-1368,4614
-1369,4622
-1370,4617
-1371,4634
-1372,4631
-1373,4618
-1374,4615
-1375,4633
-1376,4631
-1377,4644
-1378,4631
-1379,4621
-1380,4636
-1381,4637
-1382,4633
-1383,4637
-1384,4629
-1385,4643
-1386,4633
-1387,4637
-1388,4636
-1389,4639
-1390,4631
-1391,4620
-1392,4623
-1393,4624
-1394,4625
-1395,4632
-1396,4624
-1397,4627
-1398,4643
-1399,4645
-1400,4636
-1401,4641
-1402,4618
-1403,4643
-1404,4649
-1405,4649
-1406,4650
-1407,4649
-1408,4637
-1409,4642
-1410,4649
-1411,4660
-1412,4653
-1413,4648
-1414,4643
-1415,4645
-1416,4650
-1417,4647
-1418,4639
-1419,4631
-1420,4626
-1421,4621
-1422,4635
-1423,4611
-1424,4620
-1425,4614
-1426,4614
-1427,4600
-1428,4596
-1429,4598
-1430,4591
-1431,4582
-1432,4577
-1433,4583
-1434,4561
-1435,4567
-1436,4558
-1437,4562
-1438,4550
-1439,4547
-1440,4549
-1441,4536
-1442,4539
-1443,4534
-1444,4529
-1445,4527
-1446,4521
-1447,4529
-1448,4521
-1449,4500
-1450,4512
-1451,4504
-1452,4514
-1453,4502
-1454,4491
-1455,4504
-1456,4494
-1457,4492
-1458,4483
-1459,4487
-1460,4478
-1461,4474
-1462,4474
-1463,4471
-1464,4461
-1465,4452
-1466,4461
-1467,4453
-1468,4451
-1469,4449
-1470,4444
-1471,4424
-1472,4426
-1473,4412
-1474,4407
-1475,4412
-1476,4408
-1477,4396
-1478,4402
-1479,4390
-1480,4382
-1481,4384
-1482,4371
-1483,4365
-1484,4381
-1485,4371
-1486,4371
-1487,4355
-1488,4362
-1489,4353
-1490,4350
-1491,4346
-1492,4361
-1493,4352
-1494,4347
-1495,4331
-1496,4335
-1497,4341
-1498,4335
-1499,4333
-1500,4332
-1501,4348
-1502,4340
-1503,4332
-1504,4334
-1505,4334
-1506,4347
-1507,4332
-1508,4334
-1509,4347
-1510,4351
-1511,4340
-1512,4335
-1513,4332
-1514,4347
-1515,4335
-1516,4347
-1517,4330
-1518,4346
-1519,4347
-1520,4332
-1521,4328
-1522,4334
-1523,4338
-1524,4341
-1525,4346
-1526,4337
-1527,4353
-1528,4338
-1529,4349
-1530,4342
-1531,4335
-1532,4332
-1533,4334
-1534,4341
-1535,4341
-1536,4346
-1537,4338
-1538,4338
-1539,4331
-1540,4336
-1541,4334
-1542,4345
-1543,4353
-1544,4339
-1545,4334
-1546,4344
-1547,4338
-1548,4347
-1549,4337
-1550,4335
-1551,4341
-1552,4338
-1553,4347
-1554,4340
-1555,4340
-1556,4334
-1557,4338
-1558,4332
-1559,4344
-1560,4327
-1561,4336
-1562,4339
-1563,4350
-1564,4347
-1565,4350
-1566,4352
-1567,4347
-1568,4348
-1569,4333
-1570,4348
-1571,4341
-1572,4350
-1573,4357
-1574,4362
-1575,4361
-1576,4366
-1577,4368
-1578,4369
-1579,4372
-1580,4382
-1581,4372
-1582,4378
-1583,4381
-1584,4389
-1585,4384
-1586,4383
-1587,4385
-1588,4397
-1589,4396
-1590,4392
-1591,4400
-1592,4411
-1593,4407
-1594,4407
-1595,4395
-1596,4411
-1597,4406
-1598,4400
-1599,4412
-1600,4418
-1601,4407
-1602,4404
-1603,4419
-1604,4423
-1605,4430
-1606,4425
-1607,4430
-1608,4436
-1609,4445
-1610,4452
-1611,4452
-1612,4447
-1613,4452
-1614,4463
-1615,4473
-1616,4472
-1617,4488
-1618,4495
-1619,4497
-1620,4509
-1621,4514
-1622,4520
-1623,4529
-1624,4543
-1625,4534
-1626,4548
-1627,4551
-1628,4547
-1629,4565
-1630,4565
-1631,4573
-1632,4561
-1633,4578
-1634,4572
-1635,4570
-1636,4565
-1637,4566
-1638,4573
-1639,4565
-1640,4563
-1641,4563
-1642,4558
-1643,4550
-1644,4552
-1645,4555
-1646,4554
-1647,4539
-1648,4533
-1649,4521
-1650,4516
-1651,4524
-1652,4515
-1653,4515
-1654,4511
-1655,4504
-1656,4502
-1657,4503
-1658,4497
-1659,4496
-1660,4502
-1661,4505
-1662,4503
-1663,4515
-1664,4516
-1665,4519
-1666,4540
-1667,4524
-1668,4526
-1669,4530
-1670,4534
-1671,4539
-1672,4538
-1673,4541
-1674,4543
-1675,4529
-1676,4542
-1677,4546
-1678,4546
-1679,4543
-1680,4537
-1681,4544
-1682,4545
-1683,4536
-1684,4528
-1685,4529
-1686,4531
-1687,4531
-1688,4516
-1689,4515
-1690,4509
-1691,4514
-1692,4494
-1693,4494
-1694,4488
-1695,4481
-1696,4481
-1697,4489
-1698,4474
-1699,4472
-1700,4476
-1701,4461
-1702,4469
-1703,4461
-1704,4473
-1705,4450
-1706,4458
-1707,4461
-1708,4452
-1709,4455
-1710,4463
-1711,4465
-1712,4460
-1713,4456
-1714,4468
-1715,4466
-1716,4454
-1717,4458
-1718,4469
-1719,4474
-1720,4467
-1721,4474
-1722,4469
-1723,4475
-1724,4470
-1725,4476
-1726,4482
-1727,4479
-1728,4476
-1729,4465
-1730,4472
-1731,4466
-1732,4468
-1733,4466
-1734,4460
-1735,4456
-1736,4464
-1737,4464
-1738,4464
-1739,4457
-1740,4459
-1741,4457
-1742,4445
-1743,4451
-1744,4442
-1745,4439
-1746,4440
-1747,4439
-1748,4436
-1749,4442
-1750,4428
-1751,4440
-1752,4430
-1753,4419
-1754,4429
-1755,4415
-1756,4419
-1757,4416
-1758,4424
-1759,4402
-1760,4404
-1761,4414
-1762,4400
-1763,4405
-1764,4406
-1765,4403
-1766,4403
-1767,4410
-1768,4412
-1769,4393
-1770,4395
-1771,4399
-1772,4408
-1773,4404
-1774,4394
-1775,4398
-1776,4402
-1777,4391
-1778,4393
-1779,4392
-1780,4383
-1781,4388
-1782,4388
-1783,4391
-1784,4394
-1785,4385
-1786,4387
-1787,4374
-1788,4382
-1789,4379
-1790,4369
-1791,4369
-1792,4369
-1793,4373
-1794,4373
-1795,4383
-1796,4371
-1797,4377
-1798,4360
-1799,4364
-1800,4350
-1801,4362
-1802,4362
-1803,4362
-1804,4367
-1805,4369
-1806,4349
-1807,4354
-1808,4358
-1809,4343
-1810,4353
-1811,4351
-1812,4342
-1813,4339
-1814,4335
-1815,4344
-1816,4343
-1817,4331
-1818,4327
-1819,4348
-1820,4331
-1821,4329
-1822,4333
-1823,4334
-1824,4332
-1825,4340
-1826,4338
-1827,4327
-1828,4340
-1829,4329
-1830,4333
-1831,4327
-1832,4330
-1833,4337
-1834,4321
-1835,4325
-1836,4345
-1837,4341
-1838,4330
-1839,4328
-1840,4336
-1841,4328
-1842,4337
-1843,4337
-1844,4337
-1845,4345
-1846,4345
-1847,4344
-1848,4347
-1849,4335
-1850,4335
-1851,4340
-1852,4347
-1853,4348
-1854,4351
-1855,4340
-1856,4342
-1857,4347
-1858,4338
-1859,4344
-1860,4338
-1861,4343
-1862,4346
-1863,4340
-1864,4351
-1865,4347
-1866,4348
-1867,4358
-1868,4340
-1869,4344
-1870,4343
-1871,4349
-1872,4363
-1873,4350
-1874,4357
-1875,4363
-1876,4360
-1877,4359
-1878,4356
-1879,4359
-1880,4362
-1881,4373
-1882,4364
-1883,4371
-1884,4363
-1885,4359
-1886,4363
-1887,4373
-1888,4368
-1889,4384
-1890,4376
-1891,4395
-1892,4391
-1893,4382
-1894,4383
-1895,4393
-1896,4394
-1897,4402
-1898,4403
-1899,4403
-1900,4398
-1901,4413
-1902,4410
-1903,4418
-1904,4418
-1905,4422
-1906,4434
-1907,4428
-1908,4431
-1909,4418
-1910,4431
-1911,4420
-1912,4438
-1913,4431
-1914,4438
-1915,4449
-1916,4441
-1917,4438
-1918,4448
-1919,4435
-1920,4448
-1921,4435
-1922,4442
-1923,4448
-1924,4442
-1925,4437
-1926,4439
-1927,4434
-1928,4445
-1929,4433
-1930,4438
-1931,4446
-1932,4426
-1933,4443
-1934,4445
-1935,4440
-1936,4432
-1937,4429
-1938,4438
-1939,4445
-1940,4439
-1941,4443
-1942,4434
-1943,4448
-1944,4447
-1945,4457
-1946,4443
-1947,4462
-1948,4448
-1949,4448
-1950,4445
-1951,4448
-1952,4469
-1953,4460
-1954,4457
-1955,4453
-1956,4457
-1957,4464
-1958,4448
-1959,4453
-1960,4464
-1961,4460
-1962,4464
-1963,4449
-1964,4456
-1965,4466
-1966,4451
-1967,4462
-1968,4450
-1969,4446
-1970,4459
-1971,4453
-1972,4458
-1973,4455
-1974,4447
-1975,4450
-1976,4447
-1977,4453
-1978,4447
-1979,4451
-1980,4443
-1981,4434
-1982,4447
-1983,4441
-1984,4438
-1985,4444
-1986,4429
-1987,4436
-1988,4436
-1989,4439
-1990,4438
-1991,4419
-1992,4439
-1993,4431
-1994,4417
-1995,4425
-1996,4431
-1997,4422
-1998,4408
-1999,4408
-2000,4407
-2001,4405
-2002,4411
-2003,4412
-2004,4409
-2005,4411
-2006,4406
-2007,4403
-2008,4401
-2009,4406
-2010,4403
-2011,4414
-2012,4411
-2013,4413
-2014,4411
-2015,4414
-2016,4403
-2017,4407
-2018,4413
