3000,4915
2999,4948
2998,4941
2997,4939
2996,4936
2995,4922
2994,4938
2993,4932
2992,4925
2991,4928
2990,4923
2989,4925
2988,4914
2987,4925
2986,4914
2985,4904
2984,4912
2983,4898
2982,4896
2981,4901
2980,4893
2979,4904
2978,4881
2977,4876
2976,4883
2975,4862
2974,4851
2973,4851
2972,4854
2971,4847
2970,4841
2969,4839
2968,4835
2967,4836
2966,4828
2965,4819
2964,4807
2963,4805
2962,4799
2961,4796
2960,4804
2959,4788
2958,4792
2957,4778
2956,4769
2955,4769
2954,4771
2953,4763
2952,4758
2951,4755
2950,4758
2949,4754
2948,4753
2947,4737
2946,4740
2945,4732
2944,4715
2943,4723
2942,4714
2941,4703
2940,4703
2939,4700
2938,4706
2937,4696
2936,4689
2935,4699
2934,4699
2933,4689
2932,4679
2931,4664
2930,4666
2929,4657
2928,4653
2927,4652
2926,4651
2925,4652
2924,4638
2923,4640
2922,4635
2921,4630
2920,4637
2919,4635
2918,4611
2917,4617
2916,4616
2915,4620
2914,4617
2913,4609
2912,4609
2911,4593
2910,4601
2909,4590
2908,4604
2907,4594
2906,4584
2905,4595
2904,4588
2903,4590
2902,4568
2901,4568
2900,4574
2899,4561
2898,4549
2897,4558
2896,4553
2895,4557
2894,4541
2893,4551
2892,4530
2891,4543
2890,4542
2889,4522
2888,4534
2887,4523
2886,4530
2885,4534
2884,4528
2883,4532
2882,4520
2881,4521
2880,4511
2879,4523
2878,4521
2877,4519
2876,4514
2875,4509
2874,4510
2873,4511
2872,4496
2871,4504
2870,4495
2869,4496
2868,4498
2867,4487
2866,4485
2865,4500
2864,4492
2863,4492
2862,4492
2861,4478
2860,4496
2859,4495
2858,4497
2857,4491
2856,4483
2855,4482
2854,4488
2853,4481
2852,4479
2851,4490
2850,4487
2849,4489
2848,4490
2847,4496
2846,4500
2845,4484
2844,4487
2843,4497
2842,4499
2841,4500
2840,4489
2839,4501
2838,4488
2837,4504
2836,4510
2835,4493
2834,4501
2833,4504
2832,4504
2831,4513
2830,4525
2829,4510
2828,4517
2827,4517
2826,4522
2825,4529
2824,4539
2823,4542
2822,4544
2821,4536
2820,4539
2819,4541
2818,4543
2817,4532
2816,4556
2815,4552
2814,4556
2813,4549
2812,4557
2811,4562
2810,4578
2809,4573
2808,4580
2807,4583
2806,4574
2805,4579
2804,4593
2803,4595
2802,4591
2801,4602
2800,4608
2799,4606
2798,4611
2797,4605
2796,4626
2795,4627
2794,4620
2793,4630
2792,4625
2791,4639
2790,4643
2789,4641
2788,4649
2787,4652
2786,4659
2785,4660
2784,4662
2783,4681
2782,4681
2781,4683
2780,4687
2779,4700
2778,4695
2777,4705
2776,4707
2775,4719
2774,4729
2773,4731
2772,4732
2771,4738
2770,4739
2769,4741
2768,4763
2767,4769
2766,4772
2765,4770
2764,4775
2763,4798
2762,4798
2761,4804
2760,4816
2759,4809
2758,4810
2757,4835
2756,4816
2755,4835
2754,4853
2753,4847
2752,4851
2751,4863
2750,4876
2749,4877
2748,4876
2747,4878
2746,4903
2745,4904
2744,4913
2743,4923
2742,4915
2741,4930
2740,4936
2739,4943
2738,4942
2737,4947
2736,4965
2735,4975
2734,4966
2733,4967
2732,4987
2731,4993
2730,4994
2729,4998
2728,5004
2727,5008
2726,5022
2725,5026
2724,5036
2723,5039
2722,5053
2721,5055
2720,5054
2719,5055
2718,5082
2717,5077
2716,5082
2715,5087
2714,5088
2713,5098
2712,5111
2711,5117
2710,5121
2709,5129
2708,5135
2707,5136
2706,5145
2705,5148
2704,5142
2703,5161
2702,5162
2701,5167
2700,5180
2699,5166
2698,5180
2697,5175
2696,5192
2695,5198
2694,5192
2693,5206
2692,5204
2691,5222
2690,5219
2689,5228
2688,5228
2687,5243
2686,5252
2685,5252
2684,5245
2683,5249
2682,5252
2681,5255
2680,5262
2679,5265
2678,5275
2677,5272
2676,5290
2675,5287
2674,5285
2673,5282
2672,5298
2671,5291
2670,5302
2669,5311
2668,5308
2667,5302
2666,5320
2665,5314
2664,5330
2663,5316
2662,5318
2661,5329
2660,5329
2659,5339
2658,5325
2657,5321
2656,5330
2655,5327
2654,5333
2653,5340
2652,5338
2651,5338
2650,5337
2649,5331
2648,5336
2647,5331
2646,5338
2645,5336
2644,5347
2643,5337
2642,5342
2641,5348
2640,5344
2639,5321
2638,5335
2637,5330
2636,5340
2635,5341
2634,5344
2633,5342
2632,5329
2631,5346
2630,5338
2629,5338
2628,5335
2627,5338
2626,5336
2625,5337
2624,5342
2623,5329
2622,5328
2621,5323
2620,5322
2619,5324
2618,5326
2617,5325
2616,5319
2615,5320
2614,5316
2613,5307
2612,5314
2611,5299
2610,5308
2609,5323
2608,5305
2607,5304
2606,5293
2605,5286
2604,5290
2603,5284
2602,5281
2601,5272
2600,5271
2599,5268
2598,5254
2597,5256
2596,5254
2595,5253
2594,5252
2593,5241
2592,5238
2591,5240
2590,5222
2589,5229
2588,5215
2587,5224
2586,5203
2585,5200
2584,5210
2583,5190
2582,5193
2581,5189
2580,5178
2579,5177
2578,5175
2577,5168
2576,5169
2575,5168
2574,5165
2573,5143
2572,5154
2571,5142
2570,5131
2569,5133
2568,5126
2567,5116
2566,5103
2565,5104
2564,5112
2563,5089
2562,5089
2561,5083
2560,5067
2559,5059
2558,5063
2557,5044
2556,5046
2555,5036
2554,5031
2553,5033
2552,5016
2551,5005
2550,4992
2549,4985
2548,4995
2547,4985
2546,4971
2545,4973
2544,4951
2543,4952
2542,4950
2541,4944
2540,4926
2539,4916
2538,4897
2537,4912
2536,4906
2535,4897
2534,4894
2533,4893
2532,4879
2531,4872
2530,4863
2529,4857
2528,4844
2527,4849
2526,4847
2525,4834
2524,4826
2523,4808
2522,4794
2521,4800
2520,4790
2519,4793
2518,4776
2517,4773
2516,4764
2515,4762
2514,4756
2513,4751
2512,4739
2511,4745
2510,4738
2509,4721
2508,4720
2507,4711
2506,4716
2505,4696
2504,4701
2503,4695
2502,4694
2501,4662
2500,4680
2499,4657
2498,4660
2497,4663
2496,4655
2495,4647
2494,4642
2493,4635
2492,4635
2491,4632
2490,4616
2489,4614
2488,4619
2487,4613
2486,4600
2485,4592
2484,4578
2483,4591
2482,4591
2481,4577
2480,4578
2479,4580
2478,4578
2477,4565
2476,4557
2475,4549
2474,4554
2473,4555
2472,4552
2471,4542
2470,4557
2469,4541
2468,4542
2467,4555
2466,4537
2465,4534
2464,4529
2463,4526
2462,4531
2461,4534
2460,4526
2459,4532
2458,4525
2457,4534
2456,4509
2455,4519
2454,4509
2453,4522
2452,4523
2451,4520
2450,4509
2449,4516
2448,4516
2447,4522
2446,4524
2445,4503
2444,4512
2443,4513
2442,4515
2441,4531
2440,4516
2439,4525
2438,4530
2437,4514
2436,4513
2435,4521
2434,4532
2433,4525
2432,4522
2431,4540
2430,4528
2429,4540
2428,4537
2427,4539
2426,4555
2425,4554
2424,4547
2423,4555
2422,4561
2421,4568
2420,4577
2419,4572
2418,4576
2417,4585
2416,4589
2415,4591
2414,4593
2413,4589
2412,4608
2411,4600
2410,4604
2409,4612
2408,4631
2407,4630
2406,4642
2405,4636
2404,4644
2403,4646
2402,4665
2401,4663
2400,4668
2399,4677
2398,4685
2397,4686
2396,4689
2395,4691
2394,4705
2393,4723
2392,4728
2391,4733
2390,4734
2389,4739
2388,4750
2387,4754
2386,4763
2385,4772
2384,4775
2383,4786
2382,4798
2381,4794
2380,4802
2379,4803
2378,4828
2377,4832
2376,4838
2375,4854
2374,4868
2373,4872
2372,4878
2371,4885
2370,4902
2369,4900
2368,4909
2367,4928
2366,4932
2365,4933
2364,4959
2363,4965
2362,4971
2361,4997
2360,4998
2359,5020
2358,5016
2357,5031
2356,5041
2355,5049
2354,5057
2353,5072
2352,5093
2351,5090
2350,5111
2349,5111
2348,5114
2347,5131
2346,5136
2345,5147
2344,5174
2343,5181
2342,5184
2341,5202
2340,5219
2339,5219
2338,5228
2337,5249
2336,5253
2335,5273
2334,5282
2333,5296
2332,5305
2331,5330
2330,5324
2329,5350
2328,5347
2327,5372
2326,5384
2325,5384
2324,5400
2323,5415
2322,5434
2321,5443
2320,5443
2319,5471
2318,5466
2317,5479
2316,5496
2315,5498
2314,5520
2313,5531
2312,5535
2311,5542
2310,5544
2309,5566
2308,5581
2307,5585
2306,5599
2305,5597
2304,5613
2303,5619
2302,5624
2301,5642
2300,5650
2299,5662
2298,5683
2297,5683
2296,5698
2295,5695
2294,5704
2293,5720
2292,5722
2291,5733
2290,5740
2289,5742
2288,5752
2287,5766
2286,5776
2285,5774
2284,5791
2283,5799
2282,5816
2281,5816
2280,5810
2279,5830
2278,5842
2277,5840
2276,5844
2275,5859
2274,5868
2273,5872
2272,5871
2271,5878
2270,5882
2269,5902
2268,5902
2267,5907
2266,5914
2265,5921
2264,5919
2263,5939
2262,5928
2261,5939
2260,5939
2259,5949
2258,5949
2257,5960
2256,5960
2255,5968
2254,5968
2253,5988
2252,5979
2251,5982
2250,5977
2249,5991
2248,5983
2247,5999
2246,6003
2245,6004
2244,6012
2243,5997
2242,6008
2241,6009
2240,6008
2239,6014
2238,6016
2237,6013
2236,6010
2235,6024
2234,6028
2233,6018
2232,6014
2231,6025
2230,6015
2229,6018
2228,6009
2227,6003
2226,6007
2225,6008
2224,6013
2223,5997
2222,6002
2221,6002
2220,6010
2219,5989
2218,6007
2217,5992
2216,5998
2215,5989
2214,5977
2213,5973
2212,5963
2211,5967
2210,5956
2209,5966
2208,5958
2207,5955
2206,5949
2205,5936
2204,5942
2203,5928
2202,5914
2201,5911
2200,5905
2199,5915
2198,5905
2197,5893
2196,5889
2195,5897
2194,5882
2193,5879
2192,5858
2191,5860
2190,5851
2189,5836
2188,5836
2187,5831
2186,5825
2185,5819
2184,5818
2183,5801
2182,5795
2181,5787
2180,5769
2179,5762
2178,5759
2177,5748
2176,5730
2175,5730
2174,5713
2173,5697
2172,5686
2171,5681
2170,5657
2169,5653
2168,5644
2167,5644
2166,5612
2165,5612
2164,5597
2163,5591
2162,5581
2161,5567
2160,5547
2159,5533
2158,5522
2157,5512
2156,5502
2155,5494
2154,5478
2153,5464
2152,5457
2151,5440
2150,5429
2149,5399
2148,5394
2147,5388
2146,5377
2145,5356
2144,5359
2143,5332
2142,5323
2141,5309
2140,5292
2139,5283
2138,5265
2137,5263
2136,5240
2135,5213
2134,5220
2133,5192
2132,5178
2131,5162
2130,5152
2129,5134
2128,5119
2127,5108
2126,5104
2125,5091
2124,5070
2123,5070
2122,5043
2121,5021
2120,5021
2119,4996
2118,4987
2117,4988
2116,4960
2115,4946
2114,4937
2113,4928
2112,4903
2111,4902
2110,4876
2109,4865
2108,4853
2107,4848
2106,4830
2105,4824
2104,4797
2103,4786
2102,4792
2101,4763
2100,4748
2099,4742
2098,4739
2097,4716
2096,4715
2095,4695
2094,4691
2093,4677
2092,4666
2091,4648
2090,4641
2089,4638
2088,4620
2087,4613
2086,4599
2085,4589
2084,4577
2083,4558
2082,4557
2081,4543
2080,4524
2079,4533
2078,4512
2077,4517
2076,4510
2075,4498
2074,4478
2073,4469
2072,4466
2071,4448
2070,4448
2069,4435
2068,4423
2067,4421
2066,4416
2065,4408
2064,4401
2063,4403
2062,4383
2061,4398
2060,4375
2059,4371
2058,4359
2057,4355
2056,4351
2055,4362
2054,4343
2053,4330
2052,4333
2051,4333
2050,4333
2049,4319
2048,4318
2047,4318
2046,4316
2045,4311
2044,4313
2043,4310
2042,4311
2041,4310
2040,4299
2039,4301
2038,4318
2037,4307
2036,4296
2035,4298
2034,4293
2033,4309
2032,4302
2031,4313
2030,4306
2029,4311
2028,4315
2027,4313
2026,4323
2025,4322
2024,4340
2023,4327
2022,4340
2021,4347
2020,4346
2019,4355
2018,4367
2017,4365
2016,4382
2015,4377
2014,4375
2013,4379
2012,4403
2011,4396
2010,4410
2009,4415
2008,4426
2007,4417
2006,4445
2005,4447
2004,4466
2003,4467
2002,4473
2001,4502
2000,4501
1999,4510
1998,4523
1997,4537
1996,4538
1995,4560
1994,4570
1993,4586
1992,4596
1991,4604
1990,4634
1989,4643
1988,4644
1987,4671
1986,4682
1985,4686
1984,4719
1983,4721
1982,4748
1981,4764
1980,4775
1979,4791
1978,4805
1977,4841
1976,4851
1975,4865
1974,4893
1973,4902
1972,4918
1971,4935
1970,4952
1969,4973
1968,4995
1967,5022
1966,5041
1965,5059
1964,5087
1963,5112
1962,5122
1961,5151
1960,5171
1959,5193
1958,5218
1957,5237
1956,5266
1955,5285
1954,5309
1953,5324
1952,5366
1951,5385
1950,5409
1949,5433
1948,5467
1947,5489
1946,5516
1945,5524
1944,5563
1943,5586
1942,5621
1941,5639
1940,5658
1939,5697
1938,5716
1937,5754
1936,5770
1935,5805
1934,5837
1933,5856
1932,5891
1931,5915
1930,5945
1929,5962
1928,5993
1927,6036
1926,6056
1925,6074
1924,6100
1923,6142
1922,6169
1921,6216
1920,6228
1919,6259
1918,6273
1917,6298
1916,6332
1915,6362
1914,6392
1913,6407
1912,6434
1911,6466
1910,6487
1909,6514
1908,6550
1907,6573
1906,6607
1905,6636
1904,6660
1903,6695
1902,6718
1901,6754
1900,6782
1899,6784
1898,6833
1897,6840
1896,6877
1895,6894
1894,6912
1893,6941
1892,6971
1891,7002
1890,7027
1889,7062
1888,7078
1887,7109
1886,7124
1885,7147
1884,7185
1883,7202
1882,7239
1881,7270
1880,7291
1879,7300
1878,7341
1877,7354
1876,7376
1875,7416
1874,7435
1873,7454
1872,7469
1871,7494
1870,7517
1869,7551
1868,7555
1867,7586
1866,7612
1865,7629
1864,7655
1863,7681
1862,7707
1861,7720
1860,7728
1859,7756
1858,7774
1857,7791
1856,7818
1855,7832
1854,7861
1853,7874
1852,7897
1851,7910
1850,7926
1849,7936
1848,7966
1847,7964
1846,7997
1845,7995
1844,8032
1843,8027
1842,8040
1841,8050
1840,8067
1839,8082
1838,8100
1837,8118
1836,8140
1835,8151
1834,8152
1833,8168
1832,8167
1831,8180
1830,8176
1829,8208
1828,8213
1827,8195
1826,8224
1825,8226
1824,8228
1823,8247
1822,8241
1821,8259
1820,8265
1819,8270
1818,8271
1817,8275
1816,8282
1815,8283
1814,8300
1813,8280
1812,8286
1811,8269
1810,8283
1809,8291
1808,8302
1807,8292
1806,8284
1805,8300
1804,8281
1803,8297
1802,8280
1801,8288
1800,8266
1799,8282
1798,8264
1797,8259
1796,8275
1795,8261
1794,8249
1793,8242
1792,8233
1791,8227
1790,8218
1789,8213
1788,8205
1787,8207
1786,8193
1785,8179
1784,8171
1783,8163
1782,8151
1781,8141
1780,8128
1779,8100
1778,8102
1777,8087
1776,8071
1775,8056
1774,8048
1773,8037
1772,8020
1771,7993
1770,7975
1769,7953
1768,7930
1767,7926
1766,7908
1765,7910
1764,7865
1763,7853
1762,7824
1761,7822
1760,7802
1759,7778
1758,7760
1757,7738
1756,7713
1755,7698
1754,7652
1753,7652
1752,7626
1751,7604
1750,7574
1749,7554
1748,7507
1747,7506
1746,7473
1745,7448
1744,7422
1743,7395
1742,7367
1741,7344
1740,7312
1739,7293
1738,7261
1737,7243
1736,7213
1735,7178
1734,7148
1733,7112
1732,7093
1731,7072
1730,7034
1729,7022
1728,6982
1727,6950
1726,6922
1725,6880
1724,6866
1723,6842
1722,6788
1721,6769
1720,6731
1719,6710
1718,6670
1717,6656
1716,6628
1715,6600
1714,6559
1713,6531
1712,6506
1711,6466
1710,6435
1709,6406
1708,6377
1707,6355
1706,6310
1705,6278
1704,6254
1703,6227
1702,6188
1701,6170
1700,6127
1699,6106
1698,6080
1697,6035
1696,6012
1695,5979
1694,5946
1693,5921
1692,5887
1691,5857
1690,5828
1689,5797
1688,5761
1687,5742
1686,5702
1685,5686
1684,5656
1683,5622
1682,5591
1681,5568
1680,5546
1679,5508
1678,5481
1677,5453
1676,5426
1675,5402
1674,5363
1673,5343
1672,5310
1671,5291
1670,5286
1669,5241
1668,5202
1667,5195
1666,5156
1665,5143
1664,5105
1663,5088
1662,5067
1661,5040
1660,5014
1659,4994
1658,4973
1657,4940
1656,4927
1655,4893
1654,4873
1653,4863
1652,4844
1651,4815
1650,4795
1649,4760
1648,4745
1647,4728
1646,4706
1645,4687
1644,4669
1643,4647
1642,4629
1641,4618
1640,4601
1639,4583
1638,4571
1637,4550
1636,4536
1635,4531
1634,4502
1633,4502
1632,4480
1631,4476
1630,4438
1629,4442
1628,4443
1627,4408
1626,4401
1625,4400
1624,4391
1623,4379
1622,4385
1621,4368
1620,4361
1619,4360
1618,4345
1617,4348
1616,4340
1615,4340
1614,4326
1613,4322
1612,4320
1611,4322
1610,4331
1609,4322
1608,4324
1607,4326
1606,4333
1605,4319
1604,4332
1603,4323
1602,4334
1601,4334
1600,4340
1599,4352
1598,4352
1597,4357
1596,4363
1595,4373
1594,4372
1593,4370
1592,4389
1591,4395
1590,4407
1589,4421
1588,4429
1587,4444
1586,4449
1585,4452
1584,4483
1583,4498
1582,4515
1581,4521
1580,4533
1579,4543
1578,4576
1577,4585
1576,4606
1575,4613
1574,4642
1573,4657
1572,4668
1571,4692
1570,4721
1569,4743
1568,4770
1567,4785
1566,4809
1565,4841
1564,4859
1563,4878
1562,4909
1561,4954
1560,4974
1559,4979
1558,5024
1557,5044
1556,5075
1555,5098
1554,5140
1553,5164
1552,5211
1551,5229
1550,5266
1549,5304
1548,5339
1547,5362
1546,5412
1545,5444
1544,5490
1543,5514
1542,5562
1541,5600
1540,5631
1539,5662
1538,5706
1537,5752
1536,5805
1535,5835
1534,5883
1533,5932
1532,5978
1531,6010
1530,6047
1529,6099
1528,6158
1527,6181
1526,6240
1525,6299
1524,6347
1523,6389
1522,6445
1521,6499
1520,6546
1519,6583
1518,6627
1517,6660
1516,6709
1515,6750
1514,6808
1513,6858
1512,6892
1511,6941
1510,7005
1509,7058
1508,7108
1507,7136
1506,7192
1505,7246
1504,7303
1503,7343
1502,7402
1501,7461
1500,7505
1499,7552
1498,7606
1497,7642
1496,7718
1495,7762
1494,7814
1493,7861
1492,7915
1491,7965
1490,8040
1489,8084
1488,8148
1487,8193
1486,8250
1485,8304
1484,8334
1483,8403
1482,8460
1481,8511
1480,8571
1479,8613
1478,8679
1477,8734
1476,8777
1475,8827
1474,8881
1473,8940
1472,8993
1471,9044
1470,9116
1469,9164
1468,9207
1467,9278
1466,9335
1465,9382
1464,9449
1463,9490
1462,9542
1461,9598
1460,9648
1459,9720
1458,9750
1457,9806
1456,9833
1455,9908
1454,9979
1453,10025
1452,10080
1451,10125
1450,10180
1449,10226
1448,10270
1447,10327
1446,10384
1445,10442
1444,10476
1443,10532
1442,10578
1441,10644
1440,10684
1439,10720
1438,10787
1437,10841
1436,10891
1435,10938
1434,10979
1433,11008
1432,11065
1431,11113
1430,11167
1429,11204
1428,11238
1427,11277
1426,11329
1425,11368
1424,11427
1423,11451
1422,11495
1421,11515
1420,11564
1419,11611
1418,11651
1417,11678
1416,11723
1415,11754
1414,11796
1413,11821
1412,11868
1411,11888
1410,11931
1409,11960
1408,12000
1407,12042
1406,12057
1405,12083
1404,12143
1403,12132
1402,12170
1401,12193
1400,12230
1399,12265
1398,12307
1397,12312
1396,12347
1395,12376
1394,12382
1393,12407
1392,12445
1391,12451
1390,12480
1389,12495
1388,12527
1387,12530
1386,12557
1385,12571
1384,12584
1383,12605
1382,12630
1381,12626
1380,12646
1379,12653
1378,12664
1377,12666
1376,12676
1375,12679
1374,12693
1373,12722
1372,12753
1371,12728
1370,12766
1369,12756
1368,12750
1367,12757
1366,12759
1365,12757
1364,12751
1363,12767
1362,12758
1361,12759
1360,12770
1359,12785
1358,12790
1357,12778
1356,12788
1355,12757
1354,12726
1353,12719
1352,12718
1351,12704
1350,12695
1349,12697
1348,12694
1347,12692
1346,12679
1345,12679
1344,12656
1343,12626
1342,12601
1341,12573
1340,12561
1339,12502
1338,12527
1337,12487
1336,12461
1335,12444
1334,12423
1333,12401
1332,12369
1331,12337
1330,12319
1329,12291
1328,12247
1327,12226
1326,12195
1325,12168
1324,12133
1323,12109
1322,12080
1321,12041
1320,11995
1319,11968
1318,11926
1317,11906
1316,11867
1315,11817
1314,11784
1313,11743
1312,11683
1311,11661
1310,11618
1309,11561
1308,11542
1307,11502
1306,11457
1305,11416
1304,11360
1303,11300
1302,11281
1301,11252
1300,11195
1299,11160
1298,11125
1297,11077
1296,11034
1295,10987
1294,10929
1293,10899
1292,10851
1291,10795
1290,10740
1289,10696
1288,10654
1287,10603
1286,10553
1285,10519
1284,10464
1283,10422
1282,10361
1281,10328
1280,10255
1279,10216
1278,10146
1277,10111
1276,10057
1275,10011
1274,9939
1273,9878
1272,9829
1271,9774
1270,9733
1269,9675
1268,9618
1267,9589
1266,9538
1265,9515
1264,9443
1263,9358
1262,9289
1261,9233
1260,9175
1259,9130
1258,9079
1257,9041
1256,8969
1255,8913
1254,8853
1253,8804
1252,8746
1251,8688
1250,8641
1249,8588
1248,8534
1247,8481
1246,8415
1245,8387
1244,8297
1243,8259
1242,8208
1241,8154
1240,8088
1239,8055
1238,7982
1237,7943
1236,7878
1235,7840
1234,7784
1233,7732
1232,7698
1231,7637
1230,7589
1229,7537
1228,7482
1227,7464
1226,7414
1225,7370
1224,7315
1223,7273
1222,7228
1221,7188
1220,7149
1219,7110
1218,7053
1217,7024
1216,6972
1215,6942
1214,6885
1213,6874
1212,6840
1211,6803
1210,6761
1209,6721
1208,6690
1207,6661
1206,6608
1205,6583
1204,6549
1203,6520
1202,6489
1201,6470
1200,6449
1199,6403
1198,6372
1197,6356
1196,6321
1195,6303
1194,6272
1193,6265
1192,6248
1191,6227
1190,6203
1189,6175
1188,6158
1187,6149
1186,6140
1185,6125
1184,6112
1183,6099
1182,6098
1181,6084
1180,6057
1179,6063
1178,6047
1177,6038
1176,6040
1175,6041
1174,6028
1173,6037
1172,6025
1171,6045
1170,6030
1169,6037
1168,6062
1167,6062
1166,6063
1165,6078
1164,6087
1163,6091
1162,6091
1161,6109
1160,6127
1159,6135
1158,6148
1157,6162
1156,6191
1155,6215
1154,6229
1153,6271
1152,6281
1151,6299
1150,6331
1149,6353
1148,6395
1147,6421
1146,6453
1145,6484
1144,6518
1143,6549
1142,6589
1141,6632
1140,6671
1139,6707
1138,6753
1137,6791
1136,6841
1135,6895
1134,6949
1133,6990
1132,7039
1131,7081
1130,7155
1129,7208
1128,7266
1127,7318
1126,7385
1125,7439
1124,7508
1123,7567
1122,7651
1121,7690
1120,7767
1119,7837
1118,7895
1117,7960
1116,8022
1115,8085
1114,8159
1113,8227
1112,8294
1111,8377
1110,8447
1109,8519
1108,8607
1107,8692
1106,8772
1105,8845
1104,8934
1103,9010
1102,9095
1101,9166
1100,9258
1099,9338
1098,9440
1097,9506
1096,9610
1095,9677
1094,9791
1093,9868
1092,9965
1091,10042
1090,10132
1089,10230
1088,10332
1087,10406
1086,10521
1085,10619
1084,10750
1083,10843
1082,10933
1081,11006
1080,11112
1079,11191
1078,11316
1077,11398
1076,11519
1075,11595
1074,11726
1073,11809
1072,11934
1071,12024
1070,12140
1069,12231
1068,12345
1067,12460
1066,12556
1065,12667
1064,12787
1063,12900
1062,13025
1061,13118
1060,13230
1059,13316
1058,13428
1057,13536
1056,13655
1055,13754
1054,13872
1053,13999
1052,14119
1051,14218
1050,14349
1049,14461
1048,14590
1047,14679
1046,14819
1045,14930
1044,15057
1043,15149
1042,15292
1041,15394
1040,15518
1039,15627
1038,15746
1037,15853
1036,15957
1035,16075
1034,16179
1033,16286
1032,16405
1031,16484
1030,16589
1029,16710
1028,16853
1027,17001
1026,17100
1025,17178
1024,17275
1023,17376
1022,17479
1021,17582
1020,17678
1019,17766
1018,17859
1017,17972
1016,18069
1015,18170
1014,18312
1013,18421
1012,18532
1011,18646
1010,18763
1009,18793
1008,18923
1007,19025
1006,19138
1005,19223
1004,19316
1003,19402
1002,19477
1001,19586
1000,19664
999,19760
998,19878
997,19950
996,20061
995,20147
994,20272
993,20390
992,20484
991,20546
990,20624
989,20714
988,20795
987,20866
986,20932
985,21019
984,21107
983,21168
982,21239
981,21307
980,21397
979,21471
978,21554
977,21619
976,21665
975,21748
974,21811
973,21865
972,21965
971,22016
970,22088
969,22162
968,22220
967,22269
966,22326
965,22385
964,22443
963,22439
962,22505
961,22572
960,22603
959,22674
958,22698
957,22756
956,22792
955,22841
954,22868
953,22905
952,22952
951,22996
950,23035
949,23067
948,23106
947,23151
946,23145
945,23209
944,23241
943,23212
942,23244
941,23251
940,23274
939,23277
938,23358
937,23343
936,23371
935,23357
934,23342
933,23364
932,23350
931,23393
930,23403
929,23410
928,23424
927,23438
926,23475
925,23400
924,23470
923,23427
922,23428
921,23389
920,23400
919,23400
918,23404
917,23344
916,23342
915,23315
914,23301
913,23283
912,23266
911,23240
910,23232
909,23216
908,23186
907,23146
906,23140
905,23081
904,23001
903,23014
902,22987
901,22990
900,22919
899,22901
898,22851
897,22805
896,22768
895,22720
894,22678
893,22649
892,22556
891,22533
890,22480
889,22441
888,22377
887,22274
886,22265
885,22199
884,22137
883,22077
882,22064
881,21952
880,21920
879,21906
878,21801
877,21749
876,21680
875,21613
874,21560
873,21497
872,21409
871,21343
870,21254
869,21187
868,21136
867,21068
866,20998
865,20916
864,20821
863,20766
862,20675
861,20598
860,20490
859,20462
858,20377
857,20298
856,20206
855,20106
854,20027
853,19972
852,19902
851,19791
850,19707
849,19633
848,19538
847,19474
846,19352
845,19280
844,19188
843,19103
842,18999
841,18925
840,18827
839,18742
838,18653
837,18544
836,18452
835,18357
834,18261
833,18170
832,18080
831,17979
830,17911
829,17804
828,17718
827,17625
826,17530
825,17422
824,17342
823,17261
822,17148
821,17066
820,16954
819,16872
818,16779
817,16694
816,16580
815,16511
814,16425
813,16356
812,16228
811,16161
810,16061
809,15985
808,15891
807,15806
806,15688
805,15649
804,15541
803,15475
802,15370
801,15297
800,15207
799,15121
798,15031
797,14974
796,14895
795,14799
794,14724
793,14640
792,14573
791,14505
790,14405
789,14339
788,14279
787,14224
786,14147
785,14090
784,13999
783,13947
782,13863
781,13826
780,13741
779,13686
778,13630
777,13570
776,13489
775,13424
774,13359
773,13313
772,13254
771,13221
770,13152
769,13096
768,13046
767,13007
766,12974
765,12916
764,12876
763,12816
762,12778
761,12743
760,12705
759,12687
758,12636
757,12594
756,12576
755,12545
754,12528
753,12481
752,12465
751,12453
750,12440
749,12402
748,12378
747,12367
746,12353
745,12337
744,12343
743,12331
742,12324
741,12309
740,12324
739,12316
738,12316
737,12315
736,12324
735,12321
734,12339
733,12361
732,12374
731,12377
730,12403
729,12428
728,12443
727,12471
726,12505
725,12536
724,12555
723,12583
722,12624
721,12664
720,12740
719,12744
718,12779
717,12817
716,12887
715,12932
714,12980
713,13014
712,13076
711,13131
710,13202
709,13266
708,13330
707,13387
706,13482
705,13543
704,13611
703,13697
702,13778
701,13855
700,13924
699,13999
698,14078
697,14166
696,14272
695,14365
694,14471
693,14555
692,14663
691,14757
690,14877
689,14968
688,15097
687,15187
686,15301
685,15416
684,15560
683,15642
682,15776
681,15893
680,16030
679,16147
678,16296
677,16410
676,16557
675,16684
674,16831
673,16961
672,17141
671,17265
670,17429
669,17558
668,17723
667,17855
666,18035
665,18174
664,18330
663,18487
662,18668
661,18802
660,18971
659,19119
658,19307
657,19459
656,19650
655,19805
654,20019
653,20177
652,20357
651,20546
650,20752
649,20918
648,21128
647,21338
646,21517
645,21737
644,21933
643,22134
642,22338
641,22531
640,22749
639,22944
638,23182
637,23374
636,23601
635,23805
634,24021
633,24208
632,24455
631,24666
630,24914
629,25134
628,25377
627,25589
626,25801
625,26011
624,26229
623,26441
622,26698
621,26905
620,27145
619,27332
618,27577
617,27783
616,28009
615,28235
614,28525
613,28752
612,29016
611,29227
610,29477
609,29693
608,29951
607,30105
606,30354
605,30607
604,30930
603,31145
602,31333
601,31571
600,31852
599,32055
598,32337
597,32564
596,32828
595,33069
594,33386
593,33629
592,33912
591,34115
590,34383
589,34590
588,34861
587,35082
586,35385
585,35576
584,35868
583,36112
582,36414
581,36634
580,36926
579,37124
578,37430
577,37660
576,37920
575,38138
574,38432
573,38661
572,38954
571,39192
570,39470
569,39672
568,39986
567,40197
566,40504
565,40726
564,40988
563,41191
562,41498
561,41718
560,41983
559,42230
558,42484
557,42705
556,42973
555,43202
554,43519
553,43740
552,44018
551,44225
550,44495
549,44690
548,44943
547,45158
546,45432
545,45673
544,45941
543,46155
542,46410
541,46669
540,46926
539,47140
538,47380
537,47620
536,47880
535,48141
534,48420
533,48584
532,48824
531,49079
530,49339
529,49550
528,49807
527,49986
526,50247
525,50462
524,50684
523,50856
522,51075
521,51303
520,51495
519,51676
518,51922
517,52053
516,52278
515,52451
514,52714
513,52889
512,53128
511,53325
510,53532
509,53740
508,53907
507,54052
506,54269
505,54512
504,54697
503,54868
502,55113
501,55273
500,55453
499,55642
498,55823
497,56011
496,56208
495,56325
494,56573
493,56756
492,56889
491,57100
490,57244
489,57439
488,57624
487,57795
486,57985
485,58130
484,58348
483,58568
482,58739
481,58762
480,59024
479,59127
478,59246
477,59331
476,59517
475,59635
474,59869
473,60027
472,60160
471,60269
470,60394
469,60520
468,60628
467,60752
466,60854
465,61017
464,61145
463,61282
462,61447
461,61607
460,61677
459,61648
458,61760
457,61817
456,61962
455,62141
454,62313
453,62446
452,62466
451,62493
450,62673
449,62842
448,63141
447,63069
446,62979
445,63043
444,63092
443,63118
442,63237
441,63559
440,63752
439,63758
438,63831
437,63963
436,64088
435,64148
434,64280
433,64403
432,64443
431,64507
430,64583
429,64628
428,64763
427,64837
426,64896
425,64905
424,65049
423,65117
422,65242
421,65267
420,65265
419,65301
418,65182
417,65439
416,65422
415,65685
414,65915
413,65986
412,65880
411,65729
410,65784
409,65980
408,66089
407,66079
406,66074
405,65941
404,65831
403,66124
402,66262
401,66409
400,66407
399,66403
398,66424
397,66488
396,66469
395,66595
394,66679
393,66764
392,66808
391,66884
390,66960
389,66975
388,67077
387,67082
386,67149
385,67205
384,67281
383,67336
382,67428
381,67470
380,67454
379,67592
378,67562
377,67495
376,67570
375,67672
374,67769
373,67825
372,67878
371,67897
370,67937
369,67897
368,67920
367,67967
366,68105
365,68206
364,68250
363,68320
362,68396
361,68434
360,68456
359,68530
358,68610
357,68708
356,68869
355,68860
354,68942
353,68984
352,69091
351,69180
350,69285
349,69319
348,69396
347,69493
346,69544
345,69640
344,69647
343,69773
342,69813
341,70152
340,69955
339,69923
338,69985
337,70101
336,70381
335,70590
334,70677
333,70685
332,70787
331,70838
330,70949
329,71161
328,71214
327,71294
326,71401
325,71496
324,71590
323,71746
322,71844
321,71969
320,72109
319,72270
318,72436
317,72553
316,72649
315,72636
314,72831
313,73128
312,73323
311,73463
310,73543
309,73742
308,73877
307,74026
306,74160
305,74159
304,74432
303,74665
302,74802
301,75056
300,75339
299,75423
298,75656
297,75863
296,76039
295,76234
294,76587
293,76711
292,76810
291,77143
290,77343
289,77447
288,77673
287,77811
286,78040
285,78370
284,78691
283,78901
282,79151
281,79318
280,79602
279,79858
278,80141
277,80353
276,80575
275,80778
274,80973
273,81195
272,81444
271,81720
270,81935
269,82198
268,82487
267,82738
266,83056
265,83316
264,83617
263,83825
262,84161
261,84384
260,84661
259,84906
258,85296
257,85599
256,85914
255,86281
254,86644
253,86998
252,87383
251,87648
250,88045
249,88317
248,88721
247,89095
246,89416
245,89794
244,90064
243,90444
242,90697
241,91070
240,91328
239,91726
238,92265
237,92561
236,92965
235,93335
234,93755
233,94223
232,94655
231,95013
230,95461
229,95832
228,96265
227,96635
226,97087
225,97523
224,97964
223,98355
222,98799
221,99200
220,99620
219,99970
218,100401
217,100780
216,101151
215,101627
214,102128
213,102396
212,102914
211,103308
210,103824
209,104122
208,104727
207,105090
206,105588
205,105996
204,106534
203,107006
202,107519
201,108120
200,108611
199,108971
198,109435
197,109977
196,110592
195,110877
194,111327
193,111784
192,112211
191,112809
190,113352
189,113696
188,114289
187,114777
186,115317
185,115698
184,116114
183,116652
182,117144
181,117617
180,118241
179,118444
178,119234
177,119680
176,120282
175,120806
174,121432
173,121952
172,122394
171,122768
170,123512
169,124171
168,124762
167,125268
166,125876
165,126307
164,126916
163,127422
162,128081
161,128492
160,129082
159,129630
158,130225
157,130619
156,131154
155,131663
154,132232
153,133074
152,133723
151,133919
150,134187
149,134370
148,134964
147,135542
146,136264
145,136784
144,137370
143,137816
142,138106
141,138726
140,139501
139,139373
138,140063
137,141184
136,142071
135,142801
134,142828
133,143530
132,144567
131,145309
130,145837
129,145931
128,146333
127,146871
126,147338
125,147995
124,148313
123,148972
122,149554
121,150744
120,151229
119,151217
118,151849
117,152388
116,152678
115,153080
114,153720
113,154274
112,154731
111,154982
110,155641
109,156066
108,156649
107,157206
106,157666
105,158026
104,158622
103,159014
102,159546
101,159925
100,160258
99,160765
98,161267
97,161727
96,162132
95,162611
94,162909
93,163282
92,163769
91,164078
90,164627
89,164983
88,165390
87,165636
86,165941
85,166494
84,167107
83,167365
82,167724
81,168166
80,168749
79,168974
78,169372
77,169687
76,170133
75,170521
74,170839
73,171269
72,171631
71,172075
70,172553
69,172847
68,173412
67,173589
66,173911
65,173756
64,174716
63,175319
62,175939
61,176329
60,176913
59,177181
58,177688
57,178154
56,178575
55,178947
54,179260
53,179543
52,179872
51,180174
50,180492
49,180760
48,181138
47,181512
46,181861
45,182104
44,182330
43,182600
42,182818
41,182895
40,182973
39,183183
38,183331
37,183413
36,183406
35,183480
34,183688
33,183857
32,183637
31,183798
30,183357
29,183981
28,184169
27,184238
26,184498
25,184397
24,184447
23,184700
22,184956
21,184860
20,184782
19,184821
18,184909
17,184624
16,185074
15,184842
14,184864
13,185191
12,185019
11,185091
10,184649
9,184934
8,184855
7,184703
6,184728
5,184811
4,184891
3,184881
2,185128
1,185242
0,185353
-1,185040
-2,184588
-3,184681
-4,184729
-5,184716
-6,184452
-7,184669
-8,184571
-9,184541
-10,184621
-11,184488
-12,184303
-13,184083
-14,183964
-15,184113
-16,183980
-17,183835
-18,183769
-19,183697
-20,183778
-21,183747
-22,183515
-23,183537
-24,183371
-25,183352
-26,183334
-27,183342
-28,183176
-29,183035
-30,183140
-31,183174
-32,182984
-33,182915
-34,182901
-35,182856
-36,182643
-37,182498
-38,182254
-39,182203
-40,182434
-41,182142
-42,182153
-43,182074
-44,181796
-45,181506
-46,181387
-47,181359
-48,181323
-49,181175
-50,181223
-51,181098
-52,180989
-53,180906
-54,180369
-55,179915
-56,179450
-57,179307
-58,179074
-59,178828
-60,178388
-61,178100
-62,177819
-63,177471
-64,177102
-65,176586
-66,176241
-67,175673
-68,175378
-69,174846
-70,174300
-71,173764
-72,173215
-73,172834
-74,172336
-75,171820
-76,171313
-77,170624
-78,170001
-79,169693
-80,169140
-81,169017
-82,168361
-83,167941
-84,167265
-85,166868
-86,166537
-87,166055
-88,165606
-89,165093
-90,164567
-91,164195
-92,163778
-93,163203
-94,162842
-95,162545
-96,161882
-97,161486
-98,161003
-99,160708
-100,160172
-101,159772
-102,159159
-103,158826
-104,158379
-105,158050
-106,157371
-107,156922
-108,156591
-109,156061
-110,155664
-111,155248
-112,154818
-113,154238
-114,153668
-115,153200
-116,152728
-117,152112
-118,151750
-119,151174
-120,150726
-121,150096
-122,149572
-123,149046
-124,148478
-125,147967
-126,147350
-127,146814
-128,146256
-129,145866
-130,145196
-131,144718
-132,143947
-133,143700
-134,142989
-135,142416
-136,141838
-137,141366
-138,140875
-139,140285
-140,139654
-141,139156
-142,138532
-143,137971
-144,137362
-145,136721
-146,136136
-147,135627
-148,135078
-149,134610
-150,134131
-151,133511
-152,132931
-153,132466
-154,131865
-155,131318
-156,130760
-157,130042
-158,129287
-159,128722
-160,128132
-161,127589
-162,126982
-163,126694
-164,125880
-165,125336
-166,124899
-167,124146
-168,123449
-169,122980
-170,122431
-171,121924
-172,121555
-173,121017
-174,120352
-175,119814
-176,119157
-177,118733
-178,118111
-179,117617
-180,117024
-181,116537
-182,115745
-183,115342
-184,114735
-185,114319
-186,113715
-187,113231
-188,112626
-189,112172
-190,111516
-191,111110
-192,110567
-193,109966
-194,109516
-195,109071
-196,108586
-197,108121
-198,107485
-199,106929
-200,106273
-201,105946
-202,105261
-203,104837
-204,104334
-205,103930
-206,103401
-207,103039
-208,102391
-209,101963
-210,101509
-211,101037
-212,100531
-213,100048
-214,99611
-215,99145
-216,98594
-217,98259
-218,97745
-219,97398
-220,96946
-221,96522
-222,95956
-223,95656
-224,95169
-225,94739
-226,94192
-227,93841
-228,93400
-229,93109
-230,92319
-231,91955
-232,91575
-233,91207
-234,90754
-235,90285
-236,89947
-237,89576
-238,89016
-239,88756
-240,88292
-241,87949
-242,87489
-243,87133
-244,86671
-245,86320
-246,85830
-247,85438
-248,85004
-249,84752
-250,84231
-251,83777
-252,83465
-253,83154
-254,82903
-255,82496
-256,82202
-257,82201
-258,81417
-259,80751
-260,80449
-261,80262
-262,80008
-263,79749
-264,79333
-265,79040
-266,78731
-267,78351
-268,78068
-269,77746
-270,77381
-271,77079
-272,76721
-273,76450
-274,76122
-275,75810
-276,75427
-277,75063
-278,74809
-279,74562
-280,74242
-281,74038
-282,73731
-283,73535
-284,73333
-285,73085
-286,72776
-287,72422
-288,72125
-289,71973
-290,71690
-291,71542
-292,71187
-293,71061
-294,70729
-295,70297
-296,70052
-297,69865
-298,69731
-299,69667
-300,69366
-301,69332
-302,68992
-303,68736
-304,68507
-305,68368
-306,68153
-307,67905
-308,67743
-309,67698
-310,67414
-311,67250
-312,67042
-313,66800
-314,66624
-315,66487
-316,66348
-317,66188
-318,65924
-319,65731
-320,65525
-321,65426
-322,65290
-323,65185
-324,64998
-325,64844
-326,64686
-327,64569
-328,64436
-329,64315
-330,64200
-331,64097
-332,63944
-333,63815
-334,63723
-335,63589
-336,63427
-337,63269
-338,63119
-339,63017
-340,62911
-341,62792
-342,62672
-343,62558
-344,62126
-345,62378
-346,62285
-347,62181
-348,62126
-349,62011
-350,61858
-351,61724
-352,61644
-353,61587
-354,61463
-355,61377
-356,61245
-357,61171
-358,61055
-359,60969
-360,60871
-361,60788
-362,60670
-363,60602
-364,60461
-365,60403
-366,60295
-367,60215
-368,60120
-369,60053
-370,59979
-371,59861
-372,59808
-373,59697
-374,59636
-375,59559
-376,59488
-377,59439
-378,59370
-379,59286
-380,59219
-381,59151
-382,59055
-383,59039
-384,58917
-385,58830
-386,58693
-387,58593
-388,58538
-389,58542
-390,58542
-391,58437
-392,58489
-393,58300
-394,58244
-395,58209
-396,58122
-397,58078
-398,57937
-399,57879
-400,57783
-401,57696
-402,57634
-403,57571
-404,57527
-405,57491
-406,57443
-407,57390
-408,57226
-409,57202
-410,57157
-411,57095
-412,57012
-413,56922
-414,56890
-415,56838
-416,56761
-417,56695
-418,56611
-419,56471
-420,56348
-421,56343
-422,56278
-423,56217
-424,56169
-425,56091
-426,56007
-427,55821
-428,55829
-429,55773
-430,55658
-431,55549
-432,55434
-433,55370
-434,55363
-435,55310
-436,55207
-437,55179
-438,54998
-439,54814
-440,54744
-441,54739
-442,54687
-443,54619
-444,54475
-445,54392
-446,54274
-447,54182
-448,54100
-449,54011
-450,53879
-451,53718
-452,53659
-453,53632
-454,53522
-455,53457
-456,53242
-457,53139
-458,52905
-459,52867
-460,52912
-461,52749
-462,52688
-463,52543
-464,52492
-465,52388
-466,52104
-467,52022
-468,51991
-469,51856
-470,51751
-471,51568
-472,51483
-473,51363
-474,51214
-475,51096
-476,50914
-477,50797
-478,50626
-479,50499
-480,50295
-481,50216
-482,50046
-483,49894
-484,49735
-485,49616
-486,49503
-487,49384
-488,49216
-489,49115
-490,48965
-491,48760
-492,48648
-493,48425
-494,48283
-495,48176
-496,47989
-497,47854
-498,47687
-499,47542
-500,47417
-501,47230
-502,47095
-503,46966
-504,46825
-505,46657
-506,46483
-507,46343
-508,46142
-509,45960
-510,45817
-511,45631
-512,45460
-513,45291
-514,45112
-515,44991
-516,44862
-517,44645
-518,44519
-519,44355
-520,44150
-521,44066
-522,43808
-523,43532
-524,43276
-525,43130
-526,43030
-527,42920
-528,42674
-529,42460
-530,42213
-531,42024
-532,41850
-533,41755
-534,41507
-535,41295
-536,41113
-537,40927
-538,40746
-539,40602
-540,40414
-541,40181
-542,39996
-543,39765
-544,39540
-545,39457
-546,39193
-547,39071
-548,38850
-549,38615
-550,38401
-551,38268
-552,37993
-553,37756
-554,37540
-555,37319
-556,37105
-557,36926
-558,36713
-559,36494
-560,36290
-561,36124
-562,35858
-563,35608
-564,35420
-565,35257
-566,35025
-567,34824
-568,34578
-569,34360
-570,34217
-571,34031
-572,33783
-573,33608
-574,33377
-575,33134
-576,32936
-577,32743
-578,32500
-579,32307
-580,32093
-581,31930
-582,31720
-583,31540
-584,31340
-585,31144
-586,30885
-587,30692
-588,30506
-589,30308
-590,30106
-591,29908
-592,29673
-593,29500
-594,29250
-595,29071
-596,28861
-597,28706
-598,28485
-599,28315
-600,28098
-601,27908
-602,27666
-603,27509
-604,27286
-605,27109
-606,26900
-607,26711
-608,26495
-609,26323
-610,26123
-611,25957
-612,25764
-613,25620
-614,25395
-615,25288
-616,25037
-617,24862
-618,24625
-619,24461
-620,24241
-621,24075
-622,23907
-623,23746
-624,23570
-625,23428
-626,23209
-627,23048
-628,22857
-629,22667
-630,22477
-631,22318
-632,22124
-633,21992
-634,21820
-635,21656
-636,21478
-637,21305
-638,21152
-639,20993
-640,20842
-641,20695
-642,20547
-643,20367
-644,20182
-645,20046
-646,19886
-647,19764
-648,19595
-649,19444
-650,19283
-651,19150
-652,18988
-653,18867
-654,18725
-655,18577
-656,18443
-657,18320
-658,18166
-659,18063
-660,17902
-661,17794
-662,17653
-663,17485
-664,17370
-665,17238
-666,17116
-667,16998
-668,16859
-669,16773
-670,16619
-671,16517
-672,16383
-673,16270
-674,16165
-675,16036
-676,15929
-677,15838
-678,15718
-679,15626
-680,15505
-681,15409
-682,15312
-683,15233
-684,15173
-685,15091
-686,15007
-687,14932
-688,14857
-689,14767
-690,14707
-691,14600
-692,14518
-693,14464
-694,14390
-695,14332
-696,14253
-697,14223
-698,14138
-699,14091
-700,14030
-701,13960
-702,13893
-703,13869
-704,13786
-705,13747
-706,13689
-707,13631
-708,13587
-709,13536
-710,13516
-711,13461
-712,13424
-713,13390
-714,13339
-715,13313
-716,13285
-717,13265
-718,13232
-719,13193
-720,13186
-721,13156
-722,13134
-723,13098
-724,13079
-725,13046
-726,13029
-727,13011
-728,13008
-729,13002
-730,12966
-731,12968
-732,12991
-733,12977
-734,12970
-735,12970
-736,12986
-737,12977
-738,12982
-739,12995
-740,12995
-741,13006
-742,13010
-743,13025
-744,13038
-745,13032
-746,13053
-747,13082
-748,13086
-749,13104
-750,13129
-751,13150
-752,13163
-753,13203
-754,13232
-755,13262
-756,13283
-757,13310
-758,13326
-759,13384
-760,13413
-761,13415
-762,13490
-763,13510
-764,13551
-765,13590
-766,13621
-767,13669
-768,13705
-769,13756
-770,13813
-771,13864
-772,13886
-773,13941
-774,13994
-775,14054
-776,14104
-777,14148
-778,14181
-779,14240
-780,14291
-781,14351
-782,14422
-783,14492
-784,14527
-785,14593
-786,14643
-787,14699
-788,14736
-789,14819
-790,14861
-791,14920
-792,14992
-793,15051
-794,15117
-795,15172
-796,15247
-797,15293
-798,15355
-799,15430
-800,15506
-801,15551
-802,15619
-803,15676
-804,15755
-805,15807
-806,15889
-807,15952
-808,16027
-809,16106
-810,16208
-811,16230
-812,16290
-813,16331
-814,16413
-815,16490
-816,16607
-817,16706
-818,16777
-819,16828
-820,16876
-821,16941
-822,17009
-823,17100
-824,17168
-825,17224
-826,17320
-827,17388
-828,17448
-829,17520
-830,17603
-831,17664
-832,17739
-833,17815
-834,17868
-835,17938
-836,18031
-837,18074
-838,18136
-839,18211
-840,18284
-841,18339
-842,18412
-843,18464
-844,18538
-845,18593
-846,18683
-847,18711
-848,18773
-849,18860
-850,18930
-851,18984
-852,19055
-853,19120
-854,19177
-855,19253
-856,19314
-857,19369
-858,19412
-859,19488
-860,19516
-861,19579
-862,19653
-863,19730
-864,19768
-865,19820
-866,19876
-867,19932
-868,20011
-869,20050
-870,20115
-871,20129
-872,20171
-873,20260
-874,20312
-875,20330
-876,20382
-877,20409
-878,20469
-879,20482
-880,20519
-881,20556
-882,20599
-883,20609
-884,20665
-885,20689
-886,20710
-887,20743
-888,20771
-889,20809
-890,20851
-891,20877
-892,20894
-893,20934
-894,20963
-895,20972
-896,21009
-897,21015
-898,21034
-899,21047
-900,21091
-901,21092
-902,21089
-903,21129
-904,21123
-905,21144
-906,21136
-907,21164
-908,21175
-909,21176
-910,21218
-911,21221
-912,21227
-913,21224
-914,21219
-915,21219
-916,21208
-917,21203
-918,21212
-919,21194
-920,21193
-921,21175
-922,21178
-923,21175
-924,21166
-925,21148
-926,21123
-927,21122
-928,21107
-929,21070
-930,21047
-931,21003
-932,21015
-933,20980
-934,20923
-935,20918
-936,20867
-937,20868
-938,20835
-939,20815
-940,20755
-941,20742
-942,20718
-943,20696
-944,20648
-945,20619
-946,20563
-947,20551
-948,20531
-949,20477
-950,20441
-951,20414
-952,20340
-953,20310
-954,20254
-955,20223
-956,20162
-957,20124
-958,20077
-959,20023
-960,19971
-961,19876
-962,19837
-963,19797
-964,19723
-965,19660
-966,19600
-967,19575
-968,19495
-969,19440
-970,19344
-971,19305
-972,19242
-973,19187
-974,19127
-975,19065
-976,18970
-977,18905
-978,18821
-979,18781
-980,18695
-981,18637
-982,18530
-983,18493
-984,18384
-985,18338
-986,18252
-987,18185
-988,18096
-989,18044
-990,17930
-991,17881
-992,17781
-993,17710
-994,17606
-995,17539
-996,17470
-997,17379
-998,17293
-999,17212
-1000,17113
-1001,17048
-1002,16960
-1003,16878
-1004,16781
-1005,16712
-1006,16596
-1007,16528
-1008,16417
-1009,16331
-1010,16233
-1011,16178
-1012,16062
-1013,15996
-1014,15888
-1015,15818
-1016,15690
-1017,15622
-1018,15515
-1019,15449
-1020,15323
-1021,15250
-1022,15149
-1023,15052
-1024,14951
-1025,14876
-1026,14764
-1027,14686
-1028,14570
-1029,14499
-1030,14387
-1031,14315
-1032,14200
-1033,14115
-1034,13996
-1035,13920
-1036,13827
-1037,13718
-1038,13624
-1039,13537
-1040,13422
-1041,13357
-1042,13240
-1043,13171
-1044,13045
-1045,12965
-1046,12844
-1047,12771
-1048,12660
-1049,12575
-1050,12483
-1051,12390
-1052,12273
-1053,12198
-1054,12096
-1055,12005
-1056,11914
-1057,11804
-1058,11712
-1059,11609
-1060,11508
-1061,11432
-1062,11319
-1063,11228
-1064,11124
-1065,11048
-1066,10939
-1067,10859
-1068,10756
-1069,10663
-1070,10555
-1071,10463
-1072,10365
-1073,10299
-1074,10185
-1075,10103
-1076,10023
-1077,9933
-1078,9828
-1079,9762
-1080,9656
-1081,9591
-1082,9494
-1083,9436
-1084,9345
-1085,9290
-1086,9194
-1087,9122
-1088,9056
-1089,8982
-1090,8903
-1091,8828
-1092,8754
-1093,8693
-1094,8616
-1095,8548
-1096,8470
-1097,8410
-1098,8329
-1099,8269
-1100,8183
-1101,8131
-1102,8057
-1103,8003
-1104,7928
-1105,7871
-1106,7795
-1107,7757
-1108,7666
-1109,7622
-1110,7550
-1111,7511
-1112,7426
-1113,7382
-1114,7305
-1115,7259
-1116,7207
-1117,7154
-1118,7098
-1119,7049
-1120,6991
-1121,6930
-1122,6892
-1123,6840
-1124,6797
-1125,6755
-1126,6691
-1127,6641
-1128,6603
-1129,6577
-1130,6518
-1131,6486
-1132,6437
-1133,6393
-1134,6353
-1135,6334
-1136,6290
-1137,6248
-1138,6218
-1139,6179
-1140,6150
-1141,6131
-1142,6086
-1143,6064
-1144,6032
-1145,6001
-1146,5977
-1147,5952
-1148,5936
-1149,5912
-1150,5877
-1151,5859
-1152,5844
-1153,5818
-1154,5793
-1155,5786
-1156,5752
-1157,5742
-1158,5708
-1159,5724
-1160,5693
-1161,5694
-1162,5673
-1163,5669
-1164,5636
-1165,5641
-1166,5631
-1167,5639
-1168,5628
-1169,5619
-1170,5615
-1171,5606
-1172,5599
-1173,5611
-1174,5608
-1175,5607
-1176,5635
-1177,5626
-1178,5617
-1179,5643
-1180,5633
-1181,5630
-1182,5639
-1183,5666
-1184,5664
-1185,5667
-1186,5683
-1187,5694
-1188,5700
-1189,5710
-1190,5739
-1191,5747
-1192,5772
-1193,5782
-1194,5814
-1195,5812
-1196,5846
-1197,5847
-1198,5871
-1199,5892
-1200,5906
-1201,5933
-1202,5962
-1203,5986
-1204,6000
-1205,6031
-1206,6049
-1207,6069
-1208,6100
-1209,6137
-1210,6168
-1211,6182
-1212,6230
-1213,6254
-1214,6275
-1215,6305
-1216,6342
-1217,6371
-1218,6420
-1219,6438
-1220,6477
-1221,6508
-1222,6540
-1223,6582
-1224,6609
-1225,6649
-1226,6685
-1227,6725
-1228,6762
-1229,6801
-1230,6844
-1231,6887
-1232,6927
-1233,6962
-1234,6999
-1235,7039
-1236,7097
-1237,7118
-1238,7167
-1239,7211
-1240,7253
-1241,7293
-1242,7336
-1243,7395
-1244,7425
-1245,7463
-1246,7513
-1247,7550
-1248,7606
-1249,7648
-1250,7689
-1251,7730
-1252,7763
-1253,7812
-1254,7882
-1255,7909
-1256,7958
-1257,8003
-1258,8064
-1259,8113
-1260,8165
-1261,8193
-1262,8249
-1263,8279
-1264,8340
-1265,8395
-1266,8424
-1267,8478
-1268,8536
-1269,8562
-1270,8631
-1271,8667
-1272,8723
-1273,8767
-1274,8827
-1275,8867
-1276,8920
-1277,8966
-1278,9014
-1279,9074
-1280,9116
-1281,9153
-1282,9207
-1283,9244
-1284,9306
-1285,9319
-1286,9382
-1287,9417
-1288,9451
-1289,9491
-1290,9529
-1291,9564
-1292,9616
-1293,9652
-1294,9688
-1295,9720
-1296,9783
-1297,9814
-1298,9853
-1299,9890
-1300,9931
-1301,9974
-1302,10014
-1303,10040
-1304,10087
-1305,10118
-1306,10162
-1307,10193
-1308,10229
-1309,10261
-1310,10306
-1311,10338
-1312,10369
-1313,10401
-1314,10442
-1315,10456
-1316,10509
-1317,10540
-1318,10561
-1319,10601
-1320,10632
-1321,10663
-1322,10692
-1323,10700
-1324,10741
-1325,10763
-1326,10788
-1327,10815
-1328,10866
-1329,10866
-1330,10902
-1331,10926
-1332,10948
-1333,10953
-1334,10987
-1335,11007
-1336,11029
-1337,11051
-1338,11070
-1339,11095
-1340,11115
-1341,11137
-1342,11144
-1343,11162
-1344,11182
-1345,11190
-1346,11222
-1347,11214
-1348,11239
-1349,11252
-1350,11251
-1351,11280
-1352,11290
-1353,11298
-1354,11310
-1355,11317
-1356,11332
-1357,11335
-1358,11337
-1359,11351
-1360,11358
-1361,11370
-1362,11369
-1363,11363
-1364,11373
-1365,11375
-1366,11373
-1367,11386
-1368,11391
-1369,11382
-1370,11380
-1371,11391
-1372,11375
-1373,11384
-1374,11372
-1375,11376
-1376,11370
-1377,11369
-1378,11362
-1379,11352
-1380,11342
-1381,11324
-1382,11334
-1383,11312
-1384,11316
-1385,11307
-1386,11291
-1387,11281
-1388,11283
-1389,11255
-1390,11233
-1391,11222
-1392,11209
-1393,11182
-1394,11191
-1395,11161
-1396,11150
-1397,11126
-1398,11116
-1399,11090
-1400,11072
-1401,11062
-1402,11031
-1403,11013
-1404,10994
-1405,10967
-1406,10939
-1407,10936
-1408,10902
-1409,10889
-1410,10848
-1411,10828
-1412,10799
-1413,10784
-1414,10760
-1415,10729
-1416,10712
-1417,10673
-1418,10639
-1419,10628
-1420,10598
-1421,10574
-1422,10519
-1423,10496
-1424,10468
-1425,10424
-1426,10400
-1427,10373
-1428,10342
-1429,10301
-1430,10274
-1431,10240
-1432,10211
-1433,10179
-1434,10122
-1435,10089
-1436,10054
-1437,10022
-1438,9985
-1439,9960
-1440,9906
-1441,9886
-1442,9845
-1443,9805
-1444,9770
-1445,9726
-1446,9690
-1447,9648
-1448,9606
-1449,9552
-1450,9533
-1451,9493
-1452,9452
-1453,9409
-1454,9351
-1455,9312
-1456,9269
-1457,9231
-1458,9188
-1459,9149
-1460,9106
-1461,9052
-1462,8993
-1463,8970
-1464,8920
-1465,8866
-1466,8821
-1467,8774
-1468,8732
-1469,8694
-1470,8652
-1471,8587
-1472,8538
-1473,8493
-1474,8451
-1475,8399
-1476,8358
-1477,8310
-1478,8252
-1479,8211
-1480,8165
-1481,8123
-1482,8077
-1483,8032
-1484,8006
-1485,7975
-1486,7916
-1487,7886
-1488,7828
-1489,7792
-1490,7737
-1491,7691
-1492,7663
-1493,7620
-1494,7571
-1495,7527
-1496,7484
-1497,7440
-1498,7399
-1499,7350
-1500,7306
-1501,7271
-1502,7219
-1503,7180
-1504,7125
-1505,7086
-1506,7057
-1507,7003
-1508,6962
-1509,6929
-1510,6888
-1511,6842
-1512,6796
-1513,6758
-1514,6716
-1515,6684
-1516,6632
-1517,6594
-1518,6555
-1519,6512
-1520,6478
-1521,6432
-1522,6398
-1523,6352
-1524,6324
-1525,6289
-1526,6243
-1527,6213
-1528,6173
-1529,6148
-1530,6092
-1531,6066
-1532,6024
-1533,5985
-1534,5961
-1535,5918
-1536,5869
-1537,5856
-1538,5824
-1539,5787
-1540,5745
-1541,5732
-1542,5691
-1543,5662
-1544,5618
-1545,5579
-1546,5562
-1547,5528
-1548,5505
-1549,5476
-1550,5443
-1551,5418
-1552,5382
-1553,5338
-1554,5319
-1555,5295
-1556,5257
-1557,5234
-1558,5205
-1559,5173
-1560,5157
-1561,5126
-1562,5097
-1563,5081
-1564,5055
-1565,5021
-1566,4997
-1567,4971
-1568,4943
-1569,4935
-1570,4916
-1571,4878
-1572,4861
-1573,4847
-1574,4820
-1575,4811
-1576,4781
-1577,4765
-1578,4756
-1579,4729
-1580,4712
-1581,4688
-1582,4683
-1583,4657
-1584,4647
-1585,4625
-1586,4603
-1587,4602
-1588,4583
-1589,4564
-1590,4548
-1591,4539
-1592,4527
-1593,4513
-1594,4498
-1595,4500
-1596,4469
-1597,4470
-1598,4461
-1599,4453
-1600,4438
-1601,4431
-1602,4436
-1603,4424
-1604,4418
-1605,4423
-1606,4391
-1607,4402
-1608,4397
-1609,4382
-1610,4380
-1611,4366
-1612,4382
-1613,4360
-1614,4361
-1615,4361
-1616,4341
-1617,4355
-1618,4353
-1619,4349
-1620,4354
-1621,4345
-1622,4340
-1623,4358
-1624,4343
-1625,4352
-1626,4349
-1627,4351
-1628,4367
-1629,4353
-1630,4366
-1631,4356
-1632,4366
-1633,4365
-1634,4374
-1635,4362
-1636,4370
-1637,4386
-1638,4383
-1639,4397
-1640,4381
-1641,4395
-1642,4411
-1643,4403
-1644,4413
-1645,4421
-1646,4431
-1647,4436
-1648,4432
-1649,4451
-1650,4458
-1651,4465
-1652,4478
-1653,4484
-1654,4500
-1655,4504
-1656,4548
-1657,4536
-1658,4555
-1659,4567
-1660,4561
-1661,4591
-1662,4594
-1663,4611
-1664,4617
-1665,4635
-1666,4638
-1667,4661
-1668,4674
-1669,4679
-1670,4700
-1671,4726
-1672,4740
-1673,4755
-1674,4774
-1675,4778
-1676,4808
-1677,4828
-1678,4829
-1679,4852
-1680,4865
-1681,4881
-1682,4892
-1683,4903
-1684,4922
-1685,4943
-1686,4943
-1687,4974
-1688,4975
-1689,4992
-1690,5011
-1691,5035
-1692,5040
-1693,5059
-1694,5062
-1695,5089
-1696,5110
-1697,5117
-1698,5140
-1699,5167
-1700,5182
-1701,5200
-1702,5221
-1703,5226
-1704,5254
-1705,5255
-1706,5268
-1707,5287
-1708,5306
-1709,5324
-1710,5340
-1711,5360
-1712,5380
-1713,5392
-1714,5408
-1715,5419
-1716,5452
-1717,5456
-1718,5463
-1719,5481
-1720,5497
-1721,5519
-1722,5537
-1723,5552
-1724,5567
-1725,5579
-1726,5606
-1727,5610
-1728,5639
-1729,5663
-1730,5664
-1731,5687
-1732,5686
-1733,5692
-1734,5715
-1735,5752
-1736,5763
-1737,5777
-1738,5778
-1739,5797
-1740,5822
-1741,5828
-1742,5844
-1743,5868
-1744,5874
-1745,5891
-1746,5900
-1747,5903
-1748,5928
-1749,5949
-1750,5957
-1751,5971
-1752,5980
-1753,6008
-1754,6020
-1755,6007
-1756,6034
-1757,6044
-1758,6068
-1759,6067
-1760,6085
-1761,6079
-1762,6092
-1763,6105
-1764,6124
-1765,6130
-1766,6139
-1767,6150
-1768,6166
-1769,6163
-1770,6176
-1771,6194
-1772,6203
-1773,6204
-1774,6201
-1775,6225
-1776,6226
-1777,6245
-1778,6234
-1779,6256
-1780,6256
-1781,6264
-1782,6260
-1783,6273
-1784,6282
-1785,6285
-1786,6298
-1787,6295
-1788,6305
-1789,6311
-1790,6315
-1791,6329
-1792,6317
-1793,6330
-1794,6333
-1795,6333
-1796,6346
-1797,6329
-1798,6347
-1799,6356
-1800,6354
-1801,6352
-1802,6365
-1803,6357
-1804,6379
-1805,6356
-1806,6358
-1807,6354
-1808,6368
-1809,6361
-1810,6356
-1811,6371
-1812,6367
-1813,6356
-1814,6363
-1815,6369
-1816,6356
-1817,6355
-1818,6347
-1819,6342
-1820,6347
-1821,6353
-1822,6351
-1823,6348
-1824,6344
-1825,6333
-1826,6321
-1827,6328
-1828,6332
-1829,6320
-1830,6317
-1831,6302
-1832,6296
-1833,6300
-1834,6295
-1835,6271
-1836,6276
-1837,6268
-1838,6266
-1839,6260
-1840,6250
-1841,6240
-1842,6219
-1843,6218
-1844,6223
-1845,6207
-1846,6205
-1847,6189
-1848,6193
-1849,6162
-1850,6170
-1851,6155
-1852,6155
-1853,6134
-1854,6134
-1855,6133
-1856,6113
-1857,6112
-1858,6091
-1859,6083
-1860,6072
-1861,6060
-1862,6045
-1863,6029
-1864,6018
-1865,5998
-1866,6002
-1867,5994
-1868,5970
-1869,5963
-1870,5967
-1871,5945
-1872,5924
-1873,5920
-1874,5904
-1875,5891
-1876,5880
-1877,5871
-1878,5843
-1879,5827
-1880,5824
-1881,5810
-1882,5809
-1883,5789
-1884,5779
-1885,5761
-1886,5761
-1887,5736
-1888,5729
-1889,5713
-1890,5694
-1891,5685
-1892,5684
-1893,5654
-1894,5648
-1895,5620
-1896,5615
-1897,5604
-1898,5594
-1899,5576
-1900,5566
-1901,5546
-1902,5532
-1903,5519
-1904,5503
-1905,5489
-1906,5477
-1907,5463
-1908,5440
-1909,5439
-1910,5405
-1911,5404
-1912,5389
-1913,5367
-1914,5361
-1915,5344
-1916,5337
-1917,5309
-1918,5309
-1919,5291
-1920,5278
-1921,5259
-1922,5242
-1923,5232
-1924,5218
-1925,5197
-1926,5201
-1927,5176
-1928,5157
-1929,5153
-1930,5125
-1931,5120
-1932,5099
-1933,5091
-1934,5072
-1935,5070
-1936,5043
-1937,5024
-1938,5010
-1939,5005
-1940,4994
-1941,4987
-1942,4954
-1943,4958
-1944,4948
-1945,4936
-1946,4912
-1947,4898
-1948,4892
-1949,4890
-1950,4852
-1951,4848
-1952,4844
-1953,4823
-1954,4821
-1955,4802
-1956,4791
-1957,4778
-1958,4766
-1959,4766
-1960,4757
-1961,4740
-1962,4724
-1963,4716
-1964,4705
-1965,4692
-1966,4687
-1967,4666
-1968,4660
-1969,4661
-1970,4630
-1971,4624
-1972,4617
-1973,4605
-1974,4604
-1975,4588
-1976,4570
-1977,4576
-1978,4572
-1979,4559
-1980,4551
-1981,4539
-1982,4538
-1983,4521
-1984,4498
-1985,4510
-1986,4499
-1987,4500
-1988,4486
-1989,4478
-1990,4467
-1991,4462
-1992,4460
-1993,4443
-1994,4439
-1995,4441
-1996,4431
-1997,4427
-1998,4425
-1999,4413
-2000,4423
-2001,4415
-2002,4404
-2003,4394
-2004,4395
-2005,4390
-2006,4400
-2007,4377
-2008,4377
-2009,4375
-2010,4379
-2011,4371
-2012,4370
-2013,4369
-2014,4353
-2015,4366
-2016,4357
-2017,4357
-2018,4358
-2019,4368
-2020,4353
-2021,4350
-2022,4346
-2023,4362
-2024,4349
-2025,4354
-2026,4346
-2027,4339
-2028,4347
-2029,4334
-2030,4353
-2031,4344
-2032,4345
-2033,4355
-2034,4352
-2035,4355
-2036,4349
-2037,4359
-2038,4361
-2039,4362
-2040,4361
-2041,4367
-2042,4356
-2043,4375
-2044,4367
-2045,4378
-2046,4381
-2047,4375
-2048,4391
-2049,4385
-2050,4393
-2051,4381
-2052,4397
-2053,4393
-2054,4405
-2055,4406
-2056,4413
-2057,4409
-2058,4426
-2059,4426
-2060,4434
-2061,4440
-2062,4454
-2063,4458
-2064,4454
-2065,4469
-2066,4477
-2067,4482
-2068,4486
-2069,4505
-2070,4497
-2071,4513
-2072,4513
-2073,4516
-2074,4525
-2075,4532
-2076,4553
-2077,4558
-2078,4570
-2079,4562
-2080,4584
-2081,4583
-2082,4590
-2083,4600
-2084,4608
-2085,4607
-2086,4624
-2087,4642
-2088,4648
-2089,4647
-2090,4666
-2091,4672
-2092,4674
-2093,4674
-2094,4687
-2095,4711
-2096,4722
-2097,4721
-2098,4730
-2099,4738
-2100,4738
-2101,4751
-2102,4772
-2103,4774
-2104,4782
-2105,4788
-2106,4809
-2107,4803
-2108,4832
-2109,4838
-2110,4842
-2111,4856
-2112,4852
-2113,4863
-2114,4882
-2115,4880
-2116,4879
-2117,4897
-2118,4895
-2119,4907
-2120,4924
-2121,4945
-2122,4956
-2123,4955
-2124,4974
-2125,4988
-2126,4993
-2127,5001
-2128,5015
-2129,5020
-2130,5033
-2131,5037
-2132,5033
-2133,5057
-2134,5061
-2135,5071
-2136,5079
-2137,5090
-2138,5108
-2139,5113
-2140,5118
-2141,5113
-2142,5139
-2143,5161
-2144,5177
-2145,5173
-2146,5182
-2147,5186
-2148,5201
-2149,5216
-2150,5221
-2151,5221
-2152,5229
-2153,5246
-2154,5237
-2155,5262
-2156,5276
-2157,5293
-2158,5287
-2159,5299
-2160,5314
-2161,5324
-2162,5327
-2163,5336
-2164,5337
-2165,5346
-2166,5360
-2167,5378
-2168,5369
-2169,5372
-2170,5393
-2171,5388
-2172,5400
-2173,5398
-2174,5418
-2175,5426
-2176,5423
-2177,5438
-2178,5444
-2179,5449
-2180,5448
-2181,5450
-2182,5462
-2183,5471
-2184,5473
-2185,5473
-2186,5487
-2187,5484
-2188,5483
-2189,5482
-2190,5507
-2191,5515
-2192,5519
-2193,5519
-2194,5531
-2195,5519
-2196,5529
-2197,5540
-2198,5544
-2199,5558
-2200,5555
-2201,5567
-2202,5576
-2203,5567
-2204,5574
-2205,5578
-2206,5561
-2207,5575
-2208,5570
-2209,5583
-2210,5572
-2211,5592
-2212,5588
-2213,5594
-2214,5601
-2215,5584
-2216,5569
-2217,5542
-2218,5543
-2219,5525
-2220,5521
-2221,5510
-2222,5507
-2223,5513
-2224,5503
-2225,5505
-2226,5505
-2227,5500
-2228,5499
-2229,5499
-2230,5500
-2231,5511
-2232,5501
-2233,5501
-2234,5512
-2235,5505
-2236,5503
-2237,5498
-2238,5496
-2239,5496
-2240,5495
-2241,5499
-2242,5492
-2243,5492
-2244,5491
-2245,5479
-2246,5484
-2247,5485
-2248,5503
-2249,5487
-2250,5489
-2251,5483
-2252,5470
-2253,5460
-2254,5455
-2255,5461
-2256,5457
-2257,5464
-2258,5448
-2259,5454
-2260,5436
-2261,5437
-2262,5418
-2263,5416
-2264,5413
-2265,5406
-2266,5433
-2267,5419
-2268,5394
-2269,5394
-2270,5387
-2271,5399
-2272,5382
-2273,5374
-2274,5354
-2275,5358
-2276,5353
-2277,5350
-2278,5344
-2279,5350
-2280,5328
-2281,5319
-2282,5307
-2283,5311
-2284,5307
-2285,5292
-2286,5287
-2287,5289
-2288,5278
-2289,5272
-2290,5261
-2291,5263
-2292,5267
-2293,5250
-2294,5251
-2295,5237
-2296,5229
-2297,5219
-2298,5197
-2299,5208
-2300,5199
-2301,5202
-2302,5185
-2303,5160
-2304,5156
-2305,5162
-2306,5147
-2307,5142
-2308,5135
-2309,5116
-2310,5108
-2311,5102
-2312,5097
-2313,5093
-2314,5094
-2315,5088
-2316,5068
-2317,5062
-2318,5043
-2319,5053
-2320,5043
-2321,5035
-2322,5007
-2323,5012
-2324,5001
-2325,4996
-2326,4989
-2327,4974
-2328,4960
-2329,4950
-2330,4952
-2331,4948
-2332,4941
-2333,4930
-2334,4912
-2335,4926
-2336,4907
-2337,4882
-2338,4888
-2339,4874
-2340,4873
-2341,4870
-2342,4856
-2343,4849
-2344,4845
-2345,4835
-2346,4827
-2347,4804
-2348,4811
-2349,4816
-2350,4797
-2351,4791
-2352,4781
-2353,4768
-2354,4760
-2355,4748
-2356,4746
-2357,4732
-2358,4734
-2359,4741
-2360,4731
-2361,4731
-2362,4719
-2363,4710
-2364,4709
-2365,4685
-2366,4672
-2367,4666
-2368,4666
-2369,4653
-2370,4646
-2371,4638
-2372,4623
-2373,4615
-2374,4600
-2375,4607
-2376,4589
-2377,4583
-2378,4603
-2379,4575
-2380,4574
-2381,4572
-2382,4563
-2383,4568
-2384,4559
-2385,4553
-2386,4535
-2387,4528
-2388,4522
-2389,4521
-2390,4516
-2391,4522
-2392,4502
-2393,4492
-2394,4489
-2395,4490
-2396,4486
-2397,4478
-2398,4467
-2399,4454
-2400,4466
-2401,4456
-2402,4458
-2403,4448
-2404,4442
-2405,4440
-2406,4437
-2407,4436
-2408,4426
-2409,4436
-2410,4418
-2411,4418
-2412,4415
-2413,4412
-2414,4402
-2415,4406
-2416,4400
-2417,4396
-2418,4399
-2419,4390
-2420,4386
-2421,4384
-2422,4376
-2423,4388
-2424,4362
-2425,4363
-2426,4369
-2427,4371
-2428,4373
-2429,4348
-2430,4366
-2431,4361
-2432,4350
-2433,4363
-2434,4354
-2435,4362
-2436,4350
-2437,4361
-2438,4351
-2439,4354
-2440,4341
-2441,4342
-2442,4341
-2443,4344
-2444,4352
-2445,4345
-2446,4335
-2447,4345
-2448,4334
-2449,4344
-2450,4346
-2451,4340
-2452,4342
-2453,4335
-2454,4340
-2455,4337
-2456,4330
-2457,4345
-2458,4336
-2459,4340
-2460,4342
-2461,4336
-2462,4347
-2463,4347
-2464,4335
-2465,4348
-2466,4350
-2467,4344
-2468,4344
-2469,4340
-2470,4349
-2471,4348
-2472,4358
-2473,4355
-2474,4366
-2475,4369
-2476,4366
-2477,4364
-2478,4369
-2479,4374
-2480,4375
-2481,4365
-2482,4372
-2483,4375
-2484,4369
-2485,4377
-2486,4379
-2487,4384
-2488,4388
-2489,4389
-2490,4394
-2491,4385
-2492,4394
-2493,4403
-2494,4387
-2495,4389
-2496,4398
-2497,4409
-2498,4411
-2499,4408
-2500,4419
-2501,4414
-2502,4425
-2503,4427
-2504,4426
-2505,4430
-2506,4438
-2507,4430
-2508,4442
-2509,4431
-2510,4452
-2511,4442
-2512,4445
-2513,4438
-2514,4460
-2515,4468
-2516,4456
-2517,4478
-2518,4474
-2519,4482
-2520,4478
-2521,4486
-2522,4482
-2523,4482
-2524,4479
-2525,4500
-2526,4505
-2527,4492
-2528,4514
-2529,4511
-2530,4521
-2531,4509
-2532,4516
-2533,4528
-2534,4522
-2535,4527
-2536,4530
-2537,4525
-2538,4537
-2539,4550
-2540,4540
-2541,4550
-2542,4562
-2543,4551
-2544,4565
-2545,4554
-2546,4568
-2547,4573
-2548,4568
-2549,4582
-2550,4591
-2551,4594
-2552,4596
-2553,4589
-2554,4606
-2555,4597
-2556,4598
-2557,4613
-2558,4615
-2559,4612
-2560,4628
-2561,4613
-2562,4615
-2563,4628
-2564,4641
-2565,4634
-2566,4641
-2567,4650
-2568,4659
-2569,4655
-2570,4667
-2571,4661
-2572,4665
-2573,4672
-2574,4675
-2575,4670
-2576,4666
-2577,4686
-2578,4689
-2579,4693
-2580,4691
-2581,4699
-2582,4703
-2583,4700
-2584,4701
-2585,4703
-2586,4694
-2587,4713
-2588,4703
-2589,4722
-2590,4721
-2591,4713
-2592,4724
-2593,4721
-2594,4736
-2595,4723
-2596,4736
-2597,4728
-2598,4742
-2599,4740
-2600,4745
-2601,4751
-2602,4743
-2603,4754
-2604,4755
-2605,4750
-2606,4759
-2607,4750
-2608,4752
-2609,4774
-2610,4768
-2611,4764
-2612,4771
-2613,4774
-2614,4776
-2615,4795
-2616,4780
-2617,4776
-2618,4780
-2619,4781
-2620,4772
-2621,4787
-2622,4798
-2623,4784
-2624,4775
-2625,4771
-2626,4791
-2627,4796
-2628,4778
-2629,4787
-2630,4775
-2631,4778
-2632,4792
-2633,4786
-2634,4780
-2635,4780
-2636,4801
-2637,4799
-2638,4805
-2639,4802
-2640,4810
-2641,4805
-2642,4803
-2643,4815
-2644,4795
-2645,4817
-2646,4825
-2647,4830
-2648,4807
-2649,4811
-2650,4817
-2651,4820
-2652,4821
-2653,4820
-2654,4801
-2655,4820
-2656,4806
-2657,4807
-2658,4823
-2659,4812
-2660,4809
-2661,4819
-2662,4804
-2663,4821
-2664,4817
-2665,4812
-2666,4804
-2667,4815
-2668,4803
-2669,4816
-2670,4816
-2671,4806
-2672,4796
-2673,4797
-2674,4803
-2675,4802
-2676,4817
-2677,4815
-2678,4797
-2679,4800
-2680,4799
-2681,4796
-2682,4802
-2683,4811
-2684,4799
-2685,4796
-2686,4789
-2687,4799
-2688,4797
-2689,4785
-2690,4784
-2691,4795
-2692,4790
-2693,4787
-2694,4787
-2695,4803
-2696,4796
-2697,4783
-2698,4786
-2699,4783
-2700,4777
-2701,4781
-2702,4775
-2703,4764
-2704,4768
-2705,4763
-2706,4771
-2707,4762
-2708,4769
-2709,4769
-2710,4757
-2711,4772
-2712,4771
-2713,4767
-2714,4764
-2715,4757
-2716,4755
-2717,4759
-2718,4751
-2719,4753
-2720,4754
-2721,4760
-2722,4734
-2723,4737
-2724,4739
-2725,4740
-2726,4726
-2727,4741
-2728,4722
-2729,4735
-2730,4728
-2731,4728
-2732,4723
-2733,4710
-2734,4722
-2735,4722
-2736,4716
-2737,4703
-2738,4706
-2739,4715
-2740,4705
-2741,4699
-2742,4708
-2743,4696
-2744,4710
-2745,4698
-2746,4692
-2747,4684
-2748,4691
-2749,4688
-2750,4688
-2751,4690
-2752,4681
-2753,4687
-2754,4673
-2755,4671
-2756,4668
-2757,4669
-2758,4665
-2759,4660
-2760,4658
-2761,4672
-2762,4665
-2763,4651
-2764,4642
-2765,4648
-2766,4659
-2767,4656
-2768,4657
-2769,4641
-2770,4637
-2771,4632
-2772,4631
-2773,4636
-2774,4628
-2775,4633
-2776,4634
-2777,4625
-2778,4623
-2779,4626
-2780,4625
-2781,4611
-2782,4622
-2783,4612
-2784,4615
-2785,4609
-2786,4620
-2787,4604
-2788,4610
-2789,4596
-2790,4594
-2791,4599
-2792,4603
-2793,4591
-2794,4593
-2795,4585
-2796,4595
-2797,4600
-2798,4586
-2799,4583
-2800,4584
-2801,4581
-2802,4566
-2803,4579
-2804,4588
-2805,4587
-2806,4583
-2807,4573
-2808,4571
-2809,4574
-2810,4576
-2811,4571
-2812,4567
-2813,4557
-2814,4569
-2815,4552
-2816,4560
-2817,4561
-2818,4554
-2819,4551
-2820,4551
-2821,4548
-2822,4552
-2823,4554
-2824,4541
-2825,4540
-2826,4546
-2827,4539
-2828,4535
-2829,4529
-2830,4541
-2831,4531
-2832,4526
-2833,4543
-2834,4541
-2835,4537
-2836,4522
-2837,4524
-2838,4532
-2839,4530
-2840,4531
-2841,4535
-2842,4522
-2843,4525
-2844,4528
-2845,4531
-2846,4530
-2847,4520
-2848,4533
-2849,4526
-2850,4513
-2851,4533
-2852,4521
-2853,4531
-2854,4532
-2855,4524
-2856,4538
-2857,4536
-2858,4528
-2859,4527
-2860,4528
-2861,4522
-2862,4530
-2863,4517
-2864,4518
-2865,4515
-2866,4517
-2867,4523
-2868,4514
-2869,4514
-2870,4518
-2871,4514
-2872,4532
-2873,4519
-2874,4511
-2875,4506
-2876,4519
-2877,4522
-2878,4516
-2879,4520
-2880,4526
-2881,4518
-2882,4520
-2883,4514
-2884,4514
-2885,4518
-2886,4523
-2887,4522
-2888,4520
-2889,4523
-2890,4531
-2891,4537
-2892,4526
-2893,4516
-2894,4524
-2895,4516
-2896,4515
-2897,4525
-2898,4527
-2899,4536
-2900,4529
-2901,4537
-2902,4539
-2903,4545
-2904,4549
-2905,4541
-2906,4545
-2907,4537
-2908,4538
-2909,4544
-2910,4533
-2911,4531
-2912,4536
-2913,4547
-2914,4531
-2915,4541
-2916,4553
-2917,4546
-2918,4557
-2919,4549
-2920,4556
-2921,4549
-2922,4549
-2923,4549
-2924,4557
-2925,4546
-2926,4549
-2927,4561
-2928,4558
-2929,4558
-2930,4569
-2931,4574
-2932,4570
-2933,4559
-2934,4573
-2935,4552
-2936,4572
-2937,4564
-2938,4568
-2939,4569
-2940,4569
-2941,4569
-2942,4572
-2943,4569
-2944,4581
-2945,4563
-2946,4565
-2947,4577
-2948,4570
-2949,4573
-2950,4570
-2951,4561
-2952,4581
-2953,4581
-2954,4572
-2955,4583
-2956,4584
-2957,4575
-2958,4582
-2959,4586
-2960,4572
-2961,4596
-2962,4592
-2963,4594
-2964,4589
-2965,4593
-2966,4590
-2967,4579
-2968,4587
-2969,4592
-2970,4589
-2971,4600
-2972,4595
-2973,4595
-2974,4600
-2975,4593
-2976,4604
-2977,4598
-2978,4588
-2979,4607
-2980,4610
-2981,4596
-2982,4608
-2983,4606
-2984,4613
-2985,4612
-2986,4605
-2987,4606
-2988,4595
-2989,4596
-2990,4612
-2991,4611
-2992,4611
-2993,4613
-2994,4607
-2995,4606
-2996,4607
-2997,4617
-2998,4606
-2999,4617
-3000,4606
-3001,4610
-3002,4627
-3003,4624
-3004,4619
-3005,4623
-3006,4621
-3007,4613
-3008,4620
-3009,4612
-3010,4600
-3011,4618
-3012,4615
-3013,4619
-3014,4615
-3015,4624
-3016,4622