3000,8112
2999,8129
2998,7991
2997,7883
2996,7758
2995,7633
2994,7515
2993,7427
2992,7324
2991,7261
2990,7174
2989,7112
2988,7046
2987,6984
2986,6905
2985,6837
2984,6750
2983,6676
2982,6547
2981,6462
2980,6348
2979,6248
2978,6132
2977,6010
2976,5928
2975,5822
2974,5720
2973,5649
2972,5540
2971,5473
2970,5389
2969,5315
2968,5220
2967,5155
2966,5085
2965,5026
2964,4954
2963,4889
2962,4827
2961,4783
2960,4746
2959,4697
2958,4654
2957,4634
2956,4593
2955,4573
2954,4541
2953,4528
2952,4492
2951,4488
2950,4465
2949,4465
2948,4472
2947,4480
2946,4476
2945,4478
2944,4480
2943,4494
2942,4502
2941,4504
2940,4525
2939,4535
2938,4535
2937,4550
2936,4548
2935,4563
2934,4590
2933,4588
2932,4613
2931,4622
2930,4634
2929,4630
2928,4641
2927,4658
2926,4658
2925,4666
2924,4648
2923,4653
2922,4652
2921,4652
2920,4653
2919,4654
2918,4633
2917,4648
2916,4624
2915,4610
2914,4602
2913,4595
2912,4585
2911,4567
2910,4561
2909,4545
2908,4523
2907,4511
2906,4491
2905,4489
2904,4471
2903,4453
2902,4433
2901,4427
2900,4416
2899,4417
2898,4383
2897,4376
2896,4375
2895,4370
2894,4354
2893,4353
2892,4342
2891,4339
2890,4350
2889,4335
2888,4335
2887,4348
2886,4355
2885,4341
2884,4354
2883,4357
2882,4365
2881,4387
2880,4406
2879,4408
2878,4419
2877,4434
2876,4448
2875,4474
2874,4501
2873,4506
2872,4532
2871,4549
2870,4586
2869,4602
2868,4629
2867,4651
2866,4692
2865,4707
2864,4725
2863,4737
2862,4783
2861,4802
2860,4851
2859,4860
2858,4909
2857,4924
2856,4947
2855,4970
2854,4985
2853,5024
2852,5060
2851,5061
2850,5100
2849,5128
2848,5156
2847,5169
2846,5200
2845,5220
2844,5252
2843,5269
2842,5291
2841,5310
2840,5336
2839,5348
2838,5365
2837,5391
2836,5422
2835,5432
2834,5451
2833,5463
2832,5485
2831,5481
2830,5513
2829,5516
2828,5538
2827,5545
2826,5559
2825,5567
2824,5583
2823,5573
2822,5593
2821,5598
2820,5586
2819,5607
2818,5609
2817,5609
2816,5613
2815,5594
2814,5610
2813,5603
2812,5597
2811,5576
2810,5583
2809,5586
2808,5556
2807,5546
2806,5543
2805,5514
2804,5487
2803,5470
2802,5459
2801,5436
2800,5412
2799,5405
2798,5356
2797,5340
2796,5306
2795,5277
2794,5241
2793,5221
2792,5171
2791,5143
2790,5121
2789,5085
2788,5047
2787,5011
2786,4952
2785,4933
2784,4907
2783,4868
2782,4828
2781,4800
2780,4759
2779,4723
2778,4681
2777,4670
2776,4636
2775,4601
2774,4585
2773,4551
2772,4520
2771,4507
2770,4478
2769,4468
2768,4444
2767,4436
2766,4418
2765,4405
2764,4393
2763,4401
2762,4394
2761,4391
2760,4394
2759,4382
2758,4383
2757,4401
2756,4402
2755,4418
2754,4412
2753,4419
2752,4449
2751,4457
2750,4465
2749,4489
2748,4516
2747,4519
2746,4545
2745,4558
2744,4577
2743,4582
2742,4617
2741,4634
2740,4637
2739,4647
2738,4673
2737,4681
2736,4693
2735,4701
2734,4716
2733,4721
2732,4709
2731,4719
2730,4726
2729,4719
2728,4720
2727,4716
2726,4703
2725,4705
2724,4694
2723,4683
2722,4667
2721,4672
2720,4664
2719,4633
2718,4628
2717,4610
2716,4606
2715,4585
2714,4579
2713,4576
2712,4584
2711,4581
2710,4566
2709,4579
2708,4577
2707,4596
2706,4614
2705,4624
2704,4652
2703,4655
2702,4701
2701,4748
2700,4801
2699,4840
2698,4909
2697,4973
2696,5054
2695,5112
2694,5214
2693,5301
2692,5412
2691,5489
2690,5638
2689,5750
2688,5908
2687,6024
2686,6198
2685,6322
2684,6499
2683,6652
2682,6864
2681,7008
2680,7225
2679,7396
2678,7620
2677,7804
2676,8033
2675,8209
2674,8467
2673,8671
2672,8892
2671,9064
2670,9325
2669,9550
2668,9814
2667,10036
2666,10284
2665,10486
2664,10740
2663,10897
2662,11116
2661,11291
2660,11502
2659,11661
2658,11830
2657,11987
2656,12162
2655,12254
2654,12413
2653,12508
2652,12634
2651,12717
2650,12805
2649,12848
2648,12898
2647,12923
2646,12946
2645,12954
2644,12932
2643,12904
2642,12870
2641,12797
2640,12741
2639,12642
2638,12540
2637,12430
2636,12306
2635,12158
2634,12010
2633,11848
2632,11672
2631,11515
2630,11295
2629,11095
2628,10888
2627,10681
2626,10450
2625,10237
2624,10020
2623,9820
2622,9584
2621,9350
2620,9116
2619,8902
2618,8649
2617,8422
2616,8205
2615,8002
2614,7775
2613,7563
2612,7353
2611,7156
2610,6930
2609,6745
2608,6555
2607,6390
2606,6224
2605,6077
2604,5911
2603,5785
2602,5619
2601,5521
2600,5390
2599,5290
2598,5186
2597,5104
2596,5013
2595,4957
2594,4885
2593,4832
2592,4776
2591,4758
2590,4729
2589,4702
2588,4686
2587,4683
2586,4682
2585,4702
2584,4709
2583,4732
2582,4767
2581,4781
2580,4817
2579,4834
2578,4886
2577,4910
2576,4961
2575,4985
2574,5038
2573,5061
2572,5114
2571,5162
2570,5194
2569,5226
2568,5266
2567,5307
2566,5334
2565,5350
2564,5386
2563,5391
2562,5413
2561,5423
2560,5435
2559,5427
2558,5450
2557,5436
2556,5424
2555,5418
2554,5406
2553,5394
2552,5365
2551,5334
2550,5321
2549,5285
2548,5244
2547,5215
2546,5176
2545,5151
2544,5108
2543,5060
2542,5031
2541,4996
2540,4951
2539,4941
2538,4890
2537,4854
2536,4831
2535,4800
2534,4770
2533,4737
2532,4714
2531,4708
2530,4690
2529,4685
2528,4679
2527,4688
2526,4687
2525,4703
2524,4718
2523,4726
2522,4761
2521,4783
2520,4830
2519,4848
2518,4892
2517,4933
2516,4987
2515,5024
2514,5093
2513,5144
2512,5196
2511,5247
2510,5309
2509,5377
2508,5447
2507,5504
2506,5581
2505,5642
2504,5708
2503,5769
2502,5854
2501,5912
2500,5985
2499,6038
2498,6116
2497,6158
2496,6217
2495,6264
2494,6325
2493,6361
2492,6424
2491,6461
2490,6519
2489,6546
2488,6597
2487,6619
2486,6646
2485,6651
2484,6668
2483,6692
2482,6695
2481,6693
2480,6682
2479,6655
2478,6653
2477,6650
2476,6647
2475,6586
2474,6572
2473,6541
2472,6530
2471,6505
2470,6444
2469,6415
2468,6357
2467,6312
2466,6258
2465,6210
2464,6148
2463,6103
2462,6041
2461,6002
2460,5935
2459,5889
2458,5820
2457,5750
2456,5692
2455,5647
2454,5577
2453,5513
2452,5470
2451,5421
2450,5352
2449,5313
2448,5258
2447,5209
2446,5157
2445,5110
2444,5061
2443,5021
2442,4969
2441,4941
2440,4898
2439,4868
2438,4830
2437,4791
2436,4759
2435,4736
2434,4721
2433,4680
2432,4666
2431,4643
2430,4623
2429,4609
2428,4586
2427,4571
2426,4554
2425,4564
2424,4538
2423,4534
2422,4534
2421,4513
2420,4511
2419,4492
2418,4491
2417,4487
2416,4477
2415,4470
2414,4464
2413,4471
2412,4456
2411,4458
2410,4448
2409,4447
2408,4450
2407,4433
2406,4430
2405,4440
2404,4425
2403,4427
2402,4429
2401,4420
2400,4426
2399,4412
2398,4418
2397,4417
2396,4410
2395,4397
2394,4399
2393,4397
2392,4395
2391,4384
2390,4387
2389,4381
2388,4387
2387,4375
2386,4375
2385,4372
2384,4366
2383,4368
2382,4369
2381,4352
2380,4361
2379,4341
2378,4356
2377,4367
2376,4358
2375,4363
2374,4356
2373,4356
2372,4347
2371,4358
2370,4366
2369,4355
2368,4364
2367,4369
2366,4385
2365,4389
2364,4396
2363,4395
2362,4408
2361,4422
2360,4439
2359,4451
2358,4468
2357,4490
2356,4519
2355,4530
2354,4555
2353,4584
2352,4617
2351,4651
2350,4683
2349,4715
2348,4770
2347,4801
2346,4877
2345,4918
2344,5003
2343,5063
2342,5156
2341,5213
2340,5313
2339,5397
2338,5516
2337,5598
2336,5721
2335,5823
2334,5963
2333,6083
2332,6241
2331,6375
2330,6544
2329,6696
2328,6874
2327,7026
2326,7214
2325,7413
2324,7615
2323,7817
2322,8063
2321,8228
2320,8486
2319,8679
2318,8931
2317,9097
2316,9336
2315,9502
2314,9743
2313,9930
2312,10175
2311,10375
2310,10631
2309,10807
2308,11067
2307,11227
2306,11470
2305,11651
2304,11851
2303,11997
2302,12207
2301,12376
2300,12550
2299,12704
2298,12895
2297,12985
2296,13175
2295,13275
2294,13427
2293,13487
2292,13610
2291,13681
2290,13743
2289,13784
2288,13841
2287,13843
2286,13868
2285,13865
2284,13854
2283,13828
2282,13791
2281,13739
2280,13664
2279,13585
2278,13491
2277,13379
2276,13253
2275,13113
2274,12967
2273,12812
2272,12640
2271,12480
2270,12267
2269,12108
2268,11911
2267,11699
2266,11456
2265,11235
2264,10988
2263,10767
2262,10500
2261,10288
2260,10023
2259,9804
2258,9553
2257,9302
2256,9059
2255,8833
2254,8561
2253,8342
2252,8101
2251,7877
2250,7646
2249,7456
2248,7238
2247,7038
2246,6827
2245,6657
2244,6483
2243,6309
2242,6136
2241,6004
2240,5863
2239,5741
2238,5634
2237,5528
2236,5438
2235,5365
2234,5295
2233,5224
2232,5186
2231,5121
2230,5085
2229,5059
2228,5031
2227,5021
2226,5020
2225,5018
2224,5025
2223,5040
2222,5051
2221,5059
2220,5078
2219,5093
2218,5119
2217,5151
2216,5171
2215,5189
2214,5221
2213,5237
2212,5264
2211,5265
2210,5310
2209,5294
2208,5306
2207,5310
2206,5338
2205,5328
2204,5308
2203,5298
2202,5291
2201,5280
2200,5265
2199,5248
2198,5227
2197,5188
2196,5157
2195,5131
2194,5093
2193,5064
2192,5043
2191,5007
2190,4971
2189,4927
2188,4898
2187,4860
2186,4817
2185,4806
2184,4772
2183,4757
2182,4740
2181,4725
2180,4712
2179,4713
2178,4728
2177,4748
2176,4780
2175,4801
2174,4844
2173,4900
2172,4965
2171,5025
2170,5123
2169,5208
2168,5329
2167,5418
2166,5567
2165,5691
2164,5856
2163,5990
2162,6186
2161,6335
2160,6551
2159,6734
2158,6964
2157,7167
2156,7422
2155,7630
2154,7901
2153,8102
2152,8357
2151,8602
2150,8891
2149,9145
2148,9425
2147,9669
2146,9949
2145,10201
2144,10432
2143,10672
2142,10928
2141,11159
2140,11421
2139,11628
2138,11869
2137,12078
2136,12304
2135,12476
2134,12681
2133,12824
2132,12968
2131,13127
2130,13251
2129,13340
2128,13442
2127,13546
2126,13587
2125,13630
2124,13681
2123,13672
2122,13661
2121,13642
2120,13589
2119,13536
2118,13472
2117,13411
2116,13292
2115,13222
2114,13115
2113,12994
2112,12851
2111,12758
2110,12549
2109,12390
2108,12213
2107,12027
2106,11815
2105,11640
2104,11419
2103,11186
2102,10927
2101,10728
2100,10507
2099,10281
2098,10029
2097,9821
2096,9608
2095,9398
2094,9129
2093,8927
2092,8696
2091,8497
2090,8233
2089,8022
2088,7799
2087,7611
2086,7375
2085,7210
2084,7020
2083,6860
2082,6662
2081,6512
2080,6328
2079,6191
2078,6018
2077,5933
2076,5791
2075,5659
2074,5520
2073,5404
2072,5305
2071,5196
2070,5099
2069,5028
2068,4945
2067,4873
2066,4806
2065,4768
2064,4695
2063,4635
2062,4617
2061,4570
2060,4537
2059,4503
2058,4483
2057,4478
2056,4441
2055,4431
2054,4411
2053,4409
2052,4383
2051,4394
2050,4386
2049,4390
2048,4381
2047,4385
2046,4377
2045,4376
2044,4390
2043,4378
2042,4391
2041,4384
2040,4380
2039,4389
2038,4375
2037,4382
2036,4389
2035,4392
2034,4406
2033,4400
2032,4400
2031,4409
2030,4407
2029,4410
2028,4408
2027,4399
2026,4398
2025,4395
2024,4400
2023,4396
2022,4388
2021,4377
2020,4391
2019,4389
2018,4391
2017,4386
2016,4384
2015,4394
2014,4384
2013,4398
2012,4385
2011,4404
2010,4407
2009,4395
2008,4409
2007,4404
2006,4430
2005,4440
2004,4441
2003,4448
2002,4471
2001,4491
2000,4503
1999,4525
1998,4552
1997,4568
1996,4608
1995,4624
1994,4688
1993,4712
1992,4760
1991,4790
1990,4858
1989,4896
1988,4967
1987,5018
1986,5109
1985,5154
1984,5253
1983,5321
1982,5426
1981,5504
1980,5634
1979,5714
1978,5856
1977,5969
1976,6119
1975,6220
1974,6384
1973,6529
1972,6710
1971,6849
1970,7051
1969,7208
1968,7422
1967,7577
1966,7814
1965,7999
1964,8247
1963,8439
1962,8698
1961,8891
1960,9150
1959,9352
1958,9641
1957,9845
1956,10136
1955,10345
1954,10634
1953,10854
1952,11122
1951,11342
1950,11628
1949,11849
1948,12116
1947,12319
1946,12592
1945,12786
1944,13026
1943,13213
1942,13432
1941,13594
1940,13791
1939,13922
1938,14111
1937,14224
1936,14378
1935,14448
1934,14573
1933,14626
1932,14692
1931,14733
1930,14777
1929,14748
1928,14731
1927,14701
1926,14667
1925,14579
1924,14497
1923,14377
1922,14254
1921,14099
1920,13921
1919,13728
1918,13535
1917,13320
1916,13105
1915,12926
1914,12687
1913,12472
1912,12215
1911,11970
1910,11667
1909,11431
1908,11147
1907,10880
1906,10566
1905,10300
1904,9989
1903,9730
1902,9406
1901,9130
1900,8861
1899,8598
1898,8303
1897,8055
1896,7787
1895,7558
1894,7315
1893,7101
1892,6868
1891,6679
1890,6478
1889,6308
1888,6151
1887,6012
1886,5872
1885,5746
1884,5652
1883,5566
1882,5474
1881,5424
1880,5391
1879,5345
1878,5327
1877,5327
1876,5328
1875,5340
1874,5375
1873,5405
1872,5453
1871,5492
1870,5562
1869,5616
1868,5701
1867,5763
1866,5859
1865,5914
1864,6010
1863,6078
1862,6170
1861,6231
1860,6327
1859,6381
1858,6452
1857,6502
1856,6565
1855,6601
1854,6651
1853,6668
1852,6700
1851,6690
1850,6712
1849,6707
1848,6677
1847,6646
1846,6623
1845,6570
1844,6509
1843,6459
1842,6394
1841,6322
1840,6234
1839,6173
1838,6105
1837,6004
1836,5920
1835,5847
1834,5774
1833,5714
1832,5660
1831,5613
1830,5569
1829,5558
1828,5552
1827,5557
1826,5591
1825,5645
1824,5727
1823,5819
1822,5945
1821,6074
1820,6290
1819,6466
1818,6709
1817,6950
1816,7297
1815,7598
1814,7949
1813,8272
1812,8760
1811,9205
1810,9746
1809,10217
1808,10812
1807,11332
1806,12060
1805,12658
1804,13395
1803,14019
1802,14872
1801,15597
1800,16443
1799,17113
1798,18033
1797,18820
1796,19868
1795,20671
1794,21706
1793,22524
1792,23541
1791,24349
1790,25480
1789,26383
1788,27465
1787,28262
1786,29295
1785,30061
1784,31056
1783,31845
1782,32849
1781,33610
1780,34551
1779,35237
1778,36113
1777,36720
1776,37428
1775,37982
1774,38605
1773,39115
1772,39685
1771,40069
1770,40521
1769,40815
1768,41118
1767,41296
1766,41496
1765,41599
1764,41692
1763,41712
1762,41641
1761,41560
1760,41347
1759,41127
1758,40812
1757,40530
1756,40082
1755,39668
1754,39099
1753,38551
1752,37927
1751,37385
1750,36614
1749,35970
1748,35091
1747,34409
1746,33481
1745,32637
1744,31775
1743,30989
1742,30001
1741,29161
1740,28161
1739,27266
1738,26247
1737,25350
1736,24302
1735,23434
1734,22360
1733,21458
1732,20439
1731,19544
1730,18544
1729,17687
1728,16787
1727,15994
1726,15090
1725,14382
1724,13571
1723,12863
1722,12119
1721,11511
1720,10839
1719,10318
1718,9700
1717,9229
1716,8750
1715,8418
1714,8000
1713,7705
1712,7379
1711,7113
1710,6806
1709,6572
1708,6344
1707,6177
1706,5999
1705,5871
1704,5760
1703,5694
1702,5608
1701,5566
1700,5526
1699,5518
1698,5528
1697,5535
1696,5553
1695,5580
1694,5632
1693,5693
1692,5758
1691,5817
1690,5891
1689,5945
1688,6050
1687,6096
1686,6178
1685,6255
1684,6308
1683,6364
1682,6431
1681,6480
1680,6528
1679,6570
1678,6597
1677,6624
1676,6659
1675,6669
1674,6671
1673,6679
1672,6656
1671,6660
1670,6625
1669,6611
1668,6569
1667,6524
1666,6465
1665,6420
1664,6371
1663,6305
1662,6236
1661,6175
1660,6097
1659,6036
1658,5945
1657,5881
1656,5801
1655,5733
1654,5659
1653,5584
1652,5497
1651,5433
1650,5340
1649,5290
1648,5214
1647,5151
1646,5090
1645,5035
1644,4981
1643,4937
1642,4878
1641,4862
1640,4823
1639,4790
1638,4759
1637,4735
1636,4722
1635,4708
1634,4694
1633,4703
1632,4694
1631,4698
1630,4704
1629,4712
1628,4719
1627,4737
1626,4754
1625,4782
1624,4804
1623,4825
1622,4856
1621,4868
1620,4900
1619,4925
1618,4955
1617,4982
1616,5008
1615,5038
1614,5080
1613,5097
1612,5134
1611,5158
1610,5184
1609,5219
1608,5245
1607,5278
1606,5305
1605,5334
1604,5382
1603,5403
1602,5448
1601,5473
1600,5534
1599,5551
1598,5590
1597,5626
1596,5657
1595,5697
1594,5747
1593,5766
1592,5829
1591,5867
1590,5916
1589,5967
1588,6016
1587,6064
1586,6107
1585,6146
1584,6213
1583,6261
1582,6330
1581,6372
1580,6436
1579,6471
1578,6537
1577,6575
1576,6629
1575,6672
1574,6732
1573,6761
1572,6806
1571,6855
1570,6904
1569,6915
1568,6961
1567,6975
1566,7010
1565,7029
1564,7038
1563,7048
1562,7063
1561,7058
1560,7053
1559,7039
1558,7014
1557,6994
1556,6975
1555,6954
1554,6924
1553,6875
1552,6816
1551,6768
1550,6702
1549,6651
1548,6595
1547,6514
1546,6445
1545,6372
1544,6306
1543,6259
1542,6157
1541,6103
1540,6005
1539,5968
1538,5892
1537,5825
1536,5766
1535,5720
1534,5659
1533,5602
1532,5559
1531,5539
1530,5490
1529,5478
1528,5456
1527,5462
1526,5452
1525,5466
1524,5476
1523,5479
1522,5535
1521,5560
1520,5594
1519,5660
1518,5703
1517,5762
1516,5827
1515,5882
1514,5960
1513,6012
1512,6085
1511,6139
1510,6226
1509,6270
1508,6361
1507,6405
1506,6479
1505,6528
1504,6595
1503,6637
1502,6690
1501,6727
1500,6736
1499,6773
1498,6790
1497,6792
1496,6791
1495,6768
1494,6744
1493,6707
1492,6672
1491,6641
1490,6558
1489,6508
1488,6447
1487,6372
1486,6287
1485,6192
1484,6100
1483,6047
1482,5965
1481,5894
1480,5832
1479,5766
1478,5708
1477,5657
1476,5624
1475,5618
1474,5626
1473,5656
1472,5730
1471,5799
1470,5936
1469,6082
1468,6270
1467,6495
1466,6785
1465,7064
1464,7473
1463,7856
1462,8392
1461,8880
1460,9534
1459,10139
1458,10939
1457,11617
1456,12503
1455,13285
1454,14341
1453,15271
1452,16456
1451,17607
1450,19056
1449,20240
1448,21909
1447,23321
1446,25113
1445,26679
1444,28557
1443,30286
1442,32431
1441,34268
1440,36348
1439,38201
1438,40472
1437,42455
1436,44759
1435,46775
1434,49182
1433,51234
1432,53513
1431,55430
1430,57744
1429,59740
1428,61968
1427,63871
1426,66194
1425,68067
1424,70068
1423,71785
1422,73764
1421,75348
1420,77146
1419,78626
1418,80401
1417,81862
1416,83401
1415,84527
1414,85682
1413,86636
1412,87566
1411,88311
1410,88990
1409,89513
1408,89931
1407,90270
1406,90398
1405,90475
1404,90380
1403,90109
1402,89670
1401,89413
1400,88772
1399,88309
1398,87453
1397,86645
1396,85468
1395,84486
1394,83077
1393,81947
1392,80252
1391,78935
1390,77130
1389,75576
1388,73624
1387,71995
1386,69664
1385,67941
1384,65614
1383,63793
1382,61315
1381,59442
1380,57054
1379,55163
1378,52564
1377,50696
1376,48106
1375,46076
1374,43651
1373,41858
1372,39550
1371,37733
1370,35287
1369,33469
1368,31236
1367,29572
1366,27545
1365,26112
1364,24151
1363,22627
1362,20851
1361,19712
1360,18289
1359,17165
1358,15869
1357,14912
1356,13739
1355,12900
1354,11992
1353,11400
1352,10744
1351,10285
1350,9758
1349,9437
1348,9095
1347,8854
1346,8670
1345,8592
1344,8525
1343,8542
1342,8603
1341,8691
1340,8832
1339,9014
1338,9249
1337,9447
1336,9731
1335,9964
1334,10290
1333,10558
1332,10888
1331,11155
1330,11462
1329,11759
1328,12024
1327,12227
1326,12412
1325,12563
1324,12688
1323,12803
1322,12875
1321,12905
1320,12872
1319,12846
1318,12748
1317,12656
1316,12506
1315,12365
1314,12156
1313,11976
1312,11723
1311,11528
1310,11220
1309,10955
1308,10617
1307,10337
1306,9972
1305,9667
1304,9326
1303,9040
1302,8685
1301,8405
1300,8076
1299,7826
1298,7553
1297,7362
1296,7162
1295,7019
1294,6897
1293,6846
1292,6814
1291,6837
1290,6923
1289,7032
1288,7242
1287,7440
1286,7795
1285,8122
1284,8597
1283,9026
1282,9640
1281,10166
1280,10919
1279,11551
1278,12404
1277,13128
1276,14118
1275,14956
1274,16101
1273,17019
1272,18221
1271,19218
1270,20545
1269,21609
1268,23000
1267,24122
1266,25617
1265,26732
1264,28184
1263,29328
1262,30653
1261,32056
1260,33696
1259,34933
1258,36386
1257,37513
1256,38858
1255,39993
1254,41366
1253,42408
1252,43638
1251,44585
1250,45707
1249,46516
1248,47503
1247,48191
1246,49042
1245,49620
1244,50355
1243,50855
1242,51359
1241,51701
1240,52006
1239,52161
1238,52270
1237,52322
1236,52303
1235,52172
1234,51966
1233,51715
1232,51331
1231,50929
1230,50364
1229,49767
1228,49079
1227,48432
1226,47535
1225,46781
1224,45899
1223,45087
1222,43997
1221,43062
1220,41967
1219,40957
1218,39733
1217,38654
1216,37466
1215,36385
1214,35076
1213,33945
1212,32645
1211,31500
1210,30129
1209,29006
1208,27776
1207,26755
1206,25447
1205,24376
1204,23052
1203,21994
1202,20755
1201,19823
1200,18751
1199,17909
1198,16849
1197,16001
1196,14989
1195,14241
1194,13295
1193,12598
1192,11762
1191,11218
1190,10516
1189,10006
1188,9383
1187,8948
1186,8409
1185,8030
1184,7594
1183,7258
1182,6903
1181,6653
1180,6382
1179,6220
1178,6020
1177,5884
1176,5758
1175,5695
1174,5647
1173,5617
1172,5611
1171,5627
1170,5675
1169,5727
1168,5806
1167,5881
1166,5989
1165,6092
1164,6220
1163,6323
1162,6485
1161,6596
1160,6762
1159,6865
1158,7015
1157,7145
1156,7283
1155,7400
1154,7529
1153,7630
1152,7725
1151,7822
1150,7915
1149,7974
1148,8038
1147,8081
1146,8109
1145,8130
1144,8117
1143,8126
1142,8087
1141,8057
1140,7993
1139,7940
1138,7852
1137,7782
1136,7678
1135,7577
1134,7466
1133,7350
1132,7191
1131,7055
1130,6914
1129,6788
1128,6638
1127,6517
1126,6381
1125,6257
1124,6147
1123,6067
1122,5964
1121,5930
1120,5898
1119,5914
1118,5959
1117,6028
1116,6144
1115,6266
1114,6460
1113,6654
1112,6927
1111,7201
1110,7587
1109,7971
1108,8477
1107,8992
1106,9626
1105,10237
1104,10970
1103,11668
1102,12576
1101,13441
1100,14501
1099,15502
1098,16748
1097,17908
1096,19258
1095,20498
1094,22007
1093,23395
1092,25069
1091,26611
1090,28533
1089,30145
1088,32058
1087,33805
1086,35961
1085,37990
1084,40363
1083,42267
1082,44541
1081,46492
1080,48938
1079,50982
1078,53465
1077,55484
1076,58002
1075,60178
1074,62670
1073,64601
1072,66835
1071,68766
1070,71150
1069,73127
1068,75519
1067,77362
1066,79616
1065,81218
1064,83186
1063,84771
1062,86551
1061,87971
1060,89577
1059,90783
1058,92002
1057,92973
1056,94046
1055,94889
1054,95667
1053,96251
1052,96930
1051,97312
1050,97497
1049,97557
1048,97428
1047,97365
1046,96941
1045,96355
1044,95619
1043,94767
1042,93574
1041,92349
1040,91014
1039,89866
1038,87952
1037,86101
1036,84244
1035,82556
1034,80470
1033,78636
1032,76329
1031,73947
1030,71590
1029,69370
1028,66872
1027,64972
1026,62262
1025,60094
1024,57564
1023,55352
1022,52653
1021,50404
1020,47778
1019,45494
1018,42718
1017,40615
1016,38151
1015,36212
1014,33900
1013,31873
1012,29795
1011,28062
1010,26051
1009,24518
1008,22838
1007,21499
1006,19974
1005,18774
1004,17527
1003,16633
1002,15662
1001,14985
1000,14303
999,13831
998,13316
997,13021
996,12745
995,12618
994,12545
993,12552
992,12653
991,12822
990,13078
989,13355
988,13780
987,14181
986,14678
985,15081
984,15622
983,16069
982,16641
981,17113
980,17725
979,18182
978,18760
977,19150
976,19635
975,19995
974,20421
973,20728
972,21064
971,21278
970,21473
969,21559
968,21615
967,21621
966,21510
965,21387
964,21144
963,20931
962,20548
961,20195
960,19662
959,19224
958,18602
957,18042
956,17327
955,16769
954,15995
953,15375
952,14643
951,14086
950,13335
949,12749
948,12114
947,11612
946,11077
945,10718
944,10370
943,10192
942,10073
941,10063
940,10190
939,10438
938,10890
937,11404
936,12156
935,12987
934,14203
933,15431
932,17048
931,18620
930,20763
929,22710
928,25146
927,27459
926,30570
925,33425
924,37001
923,40218
922,44364
921,48006
920,52262
919,56154
918,61070
917,65447
916,70472
915,74551
914,79461
913,83488
912,88437
911,92859
910,98471
909,103452
908,108954
907,113802
906,119557
905,124391
904,129766
903,134621
902,140403
901,145410
900,150798
899,155907
898,161567
897,165697
896,170254
895,173865
894,178392
893,181936
892,185592
891,188526
890,191646
889,194425
888,197320
887,199793
886,202315
885,204354
884,206246
883,207570
882,208652
881,209282
880,209356
879,209330
878,208709
877,208346
876,207135
875,206409
874,204843
873,203329
872,201156
871,199349
870,196397
869,193789
868,190110
867,187172
866,183059
865,179573
864,175140
863,171243
862,166391
861,162594
860,157577
859,153436
858,147942
857,143526
856,138326
855,133960
854,128156
853,123486
852,118095
851,113492
850,107830
849,103249
848,97837
847,93404
846,88028
845,83383
844,78263
843,74053
842,68993
841,65192
840,60590
839,56689
838,52271
837,48706
836,44706
835,41491
834,37763
833,34983
832,32061
831,29809
830,27234
829,25223
828,23105
827,21415
826,19547
825,18233
824,16940
823,15949
822,14920
821,14206
820,13524
819,13066
818,12646
817,12433
816,12257
815,12242
814,12295
813,12427
812,12637
811,12890
810,13260
809,13630
808,14047
807,14468
806,14974
805,15439
804,15958
803,16413
802,16941
801,17371
800,17840
799,18240
798,18640
797,18975
796,19270
795,19521
794,19749
793,19893
792,19970
791,20027
790,20003
789,19960
788,19808
787,19651
786,19349
785,19109
784,18718
783,18358
782,17870
781,17481
780,16898
779,16405
778,15742
777,15226
776,14591
775,14061
774,13381
773,12862
772,12229
771,11719
770,11074
769,10611
768,10065
767,9724
766,9270
765,8983
764,8709
763,8528
762,8413
761,8399
760,8440
759,8566
758,8812
757,9118
756,9586
755,10083
754,10822
753,11511
752,12516
751,13384
750,14600
749,15774
748,17267
747,18621
746,20476
745,22036
744,23950
743,25778
742,28077
741,30121
740,32663
739,34865
738,37546
737,40032
736,42857
735,45459
734,48417
733,51194
732,54326
731,57116
730,60399
729,63192
728,66459
727,69130
726,72396
725,75572
724,79096
723,82121
722,85414
721,88355
720,91525
719,94148
718,97153
717,99992
716,102477
715,104561
714,106974
713,108941
712,111032
711,112831
710,114724
709,116401
708,117870
707,119249
706,120642
705,121746
704,122649
703,123432
702,124261
701,124619
700,124793
699,124929
698,124734
697,124544
696,124095
695,123539
694,122744
693,121907
692,120587
691,119711
690,118242
689,116758
688,114930
687,113217
686,111035
685,109133
684,106740
683,104515
682,101709
681,99329
680,96454
679,94070
678,90954
677,88349
676,85074
675,82302
674,78861
673,76166
672,72903
671,70257
670,66857
669,64031
668,60670
667,57915
666,54503
665,51908
664,48867
663,46446
662,43514
661,41269
660,38517
659,36337
658,33770
657,31838
656,29629
655,27963
654,25987
653,24512
652,22857
651,21621
650,20257
649,19276
648,18294
647,17612
646,16897
645,16456
644,16080
643,15893
642,15815
641,15890
640,16093
639,16375
638,16826
637,17345
636,17994
635,18645
634,19526
633,20306
632,21246
631,22077
630,23125
629,24051
628,25109
627,26023
626,27122
625,27993
624,28925
623,29661
622,30542
621,31176
620,31870
619,32397
618,32963
617,33385
616,33723
615,33971
614,34170
613,34204
612,34105
611,33969
610,33662
609,33337
608,32823
607,32321
606,31614
605,30963
604,30043
603,29252
602,28158
601,27267
600,26128
599,25205
598,23920
597,22899
596,21629
595,20654
594,19394
593,18486
592,17457
591,16706
590,15801
589,15223
588,14642
587,14301
586,14093
585,14104
584,14332
583,14715
582,15469
581,16295
580,17638
579,18994
578,21089
577,22924
576,25688
575,28055
574,31564
573,34728
572,39136
571,43048
570,48556
569,52910
568,58925
567,63856
566,70804
565,76593
564,84447
563,91027
562,100028
561,107232
560,116643
559,124313
558,134534
557,142912
556,153459
555,162271
554,173757
553,182963
552,193202
551,203379
550,215675
549,225908
548,238058
547,247902
546,260447
545,269960
544,281188
543,290440
542,302091
541,311748
540,322746
539,331854
538,342186
537,350670
536,360119
535,368070
534,376956
533,384152
532,392079
531,398101
530,404487
529,409899
528,415287
527,418813
526,422618
525,425362
524,428029
523,429352
522,429842
521,430155
520,429715
519,428697
518,426690
517,424472
516,420864
515,418098
514,413399
513,409058
512,403630
511,398373
510,391275
509,385004
508,376913
507,369320
506,359615
505,353354
504,344587
503,336624
502,326004
501,316654
500,305785
499,296064
498,283954
497,270453
496,263030
495,253970
494,241607
493,231648
492,219615
491,209343
490,197526
489,188255
488,177408
487,168764
486,157737
485,149005
484,138871
483,130879
482,121198
481,113973
480,105111
479,98650
478,90572
477,84354
476,77385
475,72280
474,66364
473,62087
472,57333
471,53948
470,50053
469,47272
468,44188
467,42118
466,39940
465,38387
464,37453
463,36819
462,36385
461,36300
460,36504
459,36898
458,37685
457,38531
456,39689
455,40830
454,42339
453,43730
452,45435
451,46994
450,48925
449,50546
448,52390
447,53962
446,55792
445,57232
444,58886
443,60145
442,61489
441,62448
440,63409
439,64055
438,64652
437,65036
436,65106
435,64988
434,64605
433,64136
432,63262
431,62413
430,61107
429,59799
428,58106
427,56572
426,54502
425,52734
424,50589
423,48686
422,46143
421,43897
420,41464
419,39257
418,36616
417,34490
416,32252
415,30430
414,28332
413,26678
412,25016
411,23805
410,22651
409,21965
408,21489
407,21411
406,21633
405,22310
404,23498
403,24893
402,27184
401,29450
400,32739
399,35817
398,40243
397,44420
396,50188
395,55313
394,62590
393,68815
392,76891
391,83949
390,93555
389,101595
388,112290
387,121189
386,133361
385,143181
384,155767
383,166221
382,180371
381,191810
380,206531
379,218818
378,234551
377,246897
376,262885
375,275280
374,291566
373,304943
372,321289
371,334296
370,351006
369,363471
368,379638
367,391486
366,407602
365,420194
364,434795
363,446898
362,461293
361,472484
360,484823
359,494068
358,506199
357,515970
356,526461
355,534293
354,543598
353,550755
352,557649
351,563728
350,569546
349,573097
348,576492
347,579330
346,581898
345,581425
344,583458
343,583160
342,581597
341,578938
340,575677
339,571859
338,565980
337,560752
336,554049
335,547689
334,538356
333,529357
332,518804
331,509608
330,497862
329,486858
328,474295
327,462938
326,449047
325,435481
324,420691
323,407446
322,390817
321,376898
320,360492
319,346486
318,329429
317,314996
316,299306
315,287841
314,272370
313,259773
312,245638
311,233428
310,218987
309,206677
308,193492
307,182008
306,168601
305,157704
304,146262
303,136925
302,125995
301,116993
300,107479
299,99774
298,91118
297,84548
296,77504
295,72053
294,65946
293,61317
292,56488
291,52930
290,49080
289,46586
288,44067
287,42337
286,40701
285,39706
284,39033
283,38853
282,38948
281,39320
280,40155
279,41085
278,42456
277,43746
276,45568
275,47210
274,49302
273,51051
272,53187
271,54912
270,57073
269,58902
268,60941
267,62647
266,64671
265,65984
264,67507
263,68622
262,69701
261,70416
260,71000
259,71284
258,71345
257,71138
256,70700
255,70058
254,68964
253,67738
252,66112
251,64702
250,62750
249,60956
248,58530
247,56278
246,53526
245,51229
244,48455
243,46047
242,43064
241,40685
240,38070
239,36039
238,33606
237,31859
236,30150
235,29041
234,28122
233,27758
232,27844
231,28333
230,29588
229,31171
228,33983
227,36887
226,41275
225,45364
224,51042
223,56468
222,64197
221,71419
220,81181
219,89532
218,101522
217,111851
216,124900
215,136355
214,151988
213,166374
212,184017
211,199602
210,220419
209,237468
208,259247
207,277618
206,302450
205,324040
204,349971
203,370709
202,398540
201,420117
200,447279
199,469004
198,497676
197,521111
196,551005
195,573938
194,605064
193,627589
192,656877
191,679996
190,710013
189,733080
188,762293
187,784336
186,814223
185,835194
184,862213
183,882292
182,907971
181,927239
180,951365
179,968648
178,990152
177,1004052
176,1021274
175,1032669
174,1047603
173,1058486
172,1070599
171,1078879
170,1087689
169,1092702
168,1097333
167,1099806
166,1101105
165,1100818
164,1098723
163,1095611
162,1088685
161,1081764
160,1071966
159,1062675
158,1048834
157,1034966
156,1020538
155,1005106
154,983080
153,965832
152,945213
151,926183
150,901257
149,878327
148,851196
147,828588
146,799908
145,776326
144,749019
143,725091
142,692937
141,667942
140,636128
139,610327
138,578664
137,551846
136,522071
135,495282
134,463984
133,437078
132,406377
131,380352
130,349824
129,328014
128,304547
127,284658
126,260206
125,239759
124,219110
123,202186
122,182344
121,167295
120,150859
119,138234
118,124333
117,114100
116,103363
115,96138
114,88452
113,82794
112,77210
111,73284
110,69333
109,66808
108,64922
107,64041
106,63821
105,64256
104,65528
103,67085
102,69641
101,72204
100,75711
99,78780
98,83122
97,86898
96,91806
95,96370
94,100510
93,104011
92,108444
91,112004
90,116232
89,119232
88,122599
87,125052
86,127733
85,129513
84,131366
83,132476
82,133305
81,133545
80,133289
79,132622
78,131040
77,129297
76,126738
75,124135
74,120366
73,117169
72,112784
71,108914
70,103893
69,99632
68,94125
67,89526
66,83668
65,79023
64,73635
63,69352
62,64375
61,60381
60,56058
59,53056
58,50231
57,48605
56,47380
55,46923
54,47277
53,48510
52,51125
51,54426
50,59776
49,65210
48,72926
47,80602
46,91531
45,101989
44,116118
43,129521
42,147904
41,164639
40,185921
39,205513
38,231479
37,255182
36,284996
35,311163
34,344499
33,374606
32,408490
31,438945
30,476752
29,509739
28,548324
27,584071
26,627844
25,662587
24,703790
23,740373
22,786184
21,827100
20,871501
19,912267
18,962312
17,1001948
16,1046137
15,1084796
14,1128493
13,1166120
12,1206356
11,1243015
10,1283987
9,1318579
8,1357000
7,1385164
6,1420027
5,1448701
4,1478549
3,1501313
2,1529063
1,1549772
0,1571358
-1,1586098
-2,1603519
-3,1612298
-4,1625814
-5,1634461
-6,1642554
-7,1646387
-8,1647902
-9,1649625
-10,1641745
-11,1638865
-12,1631327
-13,1618250
-14,1602582
-15,1586938
-16,1565568
-17,1549765
-18,1527278
-19,1507544
-20,1475864
-21,1448796
-22,1414556
-23,1390552
-24,1357842
-25,1330099
-26,1290983
-27,1257402
-28,1213309
-29,1176709
-30,1130104
-31,1094510
-32,1050181
-33,1013072
-34,967757
-35,931281
-36,883663
-37,845326
-38,799660
-39,763821
-40,723644
-41,688027
-42,644513
-43,609387
-44,568296
-45,534817
-46,494082
-47,463583
-48,428357
-49,399571
-50,365858
-51,338747
-52,308854
-53,284789
-54,257454
-55,236153
-56,213765
-57,195966
-58,176135
-59,160206
-60,143749
-61,130734
-62,117801
-63,107502
-64,97614
-65,90215
-66,83579
-67,78406
-68,74033
-69,71164
-70,69222
-71,68370
-72,68363
-73,68977
-74,70621
-75,72707
-76,75865
-77,78706
-78,82754
-79,86494
-80,91187
-81,95260
-82,99875
-83,103758
-84,107758
-85,110708
-86,114257
-87,117101
-88,120223
-89,122691
-90,125341
-91,127111
-92,128647
-93,129553
-94,129979
-95,130021
-96,129453
-97,128575
-98,126930
-99,125108
-100,122484
-101,119844
-102,116017
-103,112831
-104,108810
-105,105023
-106,100287
-107,95938
-108,90803
-109,86097
-110,80612
-111,76037
-112,70859
-113,66552
-114,61636
-115,57665
-116,53224
-117,50027
-118,46500
-119,43993
-120,41658
-121,40200
-122,39178
-123,38995
-124,39704
-125,41097
-126,43738
-127,46641
-128,51009
-129,55396
-130,61886
-131,68194
-132,77071
-133,85624
-134,97275
-135,107610
-136,121081
-137,133355
-138,149087
-139,163042
-140,180334
-141,195814
-142,215666
-143,232814
-144,253828
-145,272194
-146,295371
-147,315213
-148,339560
-149,360706
-150,387513
-151,409855
-152,436223
-153,459259
-154,487501
-155,512232
-156,541314
-157,566016
-158,595231
-159,619289
-160,646322
-161,668917
-162,695799
-163,718217
-164,742484
-165,762247
-166,785328
-167,803165
-168,823134
-169,837990
-170,856353
-171,870193
-172,885522
-173,896163
-174,909127
-175,917633
-176,926921
-177,933971
-178,940927
-179,944840
-180,949041
-181,951048
-182,952057
-183,951899
-184,949303
-185,945984
-186,940577
-187,934684
-188,924315
-189,917347
-190,906569
-191,896938
-192,882758
-193,871888
-194,856269
-195,842407
-196,824013
-197,808232
-198,787612
-199,770878
-200,750029
-201,731485
-202,711974
-203,690082
-204,665644
-205,645370
-206,618771
-207,598750
-208,573935
-209,555352
-210,530310
-211,509834
-212,483954
-213,464516
-214,436980
-215,417737
-216,393704
-217,374726
-218,349645
-219,330170
-220,307925
-221,291174
-222,269555
-223,253821
-224,234119
-225,220179
-226,202092
-227,188655
-228,172570
-229,160404
-230,145061
-231,134380
-232,121531
-233,112136
-234,100797
-235,92541
-236,83029
-237,76431
-238,68666
-239,63337
-240,57354
-241,53140
-242,48481
-243,45283
-244,42073
-245,40000
-246,38042
-247,36909
-248,36033
-249,35681
-250,35639
-251,35951
-252,36645
-253,37469
-254,38735
-255,39893
-256,41469
-257,42919
-258,44753
-259,46410
-260,48338
-261,50045
-262,51969
-263,53547
-264,55221
-265,56598
-266,58076
-267,59198
-268,60315
-269,61044
-270,61733
-271,62033
-272,62221
-273,62124
-274,61728
-275,61194
-276,60276
-277,59298
-278,57937
-279,56567
-280,54837
-281,53268
-282,51139
-283,49224
-284,46959
-285,45176
-286,42935
-287,40969
-288,38724
-289,36791
-290,34434
-291,32388
-292,30171
-293,28378
-294,26440
-295,24918
-296,23451
-297,22349
-298,21275
-299,20587
-300,20117
-301,19993
-302,20223
-303,20716
-304,21714
-305,22845
-306,24678
-307,26634
-308,29376
-309,32141
-310,36063
-311,39574
-312,44305
-313,48515
-314,54283
-315,59568
-316,66336
-317,72552
-318,80600
-319,87462
-320,96261
-321,103469
-322,113456
-323,121526
-324,132085
-325,141062
-326,152870
-327,162418
-328,173925
-329,183897
-330,196388
-331,207033
-332,220678
-333,231649
-334,244155
-335,254150
-336,266435
-337,276840
-338,289611
-339,299695
-340,312356
-341,322663
-342,334607
-343,343957
-344,355298
-345,364006
-346,375214
-347,384149
-348,394260
-349,402227
-350,411321
-351,418312
-352,425408
-353,431002
-354,437603
-355,442550
-356,447716
-357,451574
-358,455349
-359,457490
-360,459213
-361,460766
-362,461699
-363,461572
-364,459923
-365,459528
-366,457122
-367,454439
-368,450862
-369,447528
-370,441633
-371,435740
-372,429598
-373,423121
-374,415262
-375,408793
-376,400363
-377,392809
-378,383046
-379,373852
-380,364244
-381,355010
-382,343451
-383,334096
-384,322967
-385,312845
-386,300813
-387,289927
-388,278102
-389,267329
-390,254742
-391,244277
-392,232257
-393,222379
-394,210216
-395,200004
-396,188282
-397,178634
-398,167198
-399,158014
-400,147618
-401,139181
-402,129096
-403,121095
-404,111844
-405,104666
-406,95944
-407,89439
-408,81891
-409,76284
-410,69555
-411,64507
-412,58735
-413,54377
-414,49295
-415,45740
-416,41725
-417,38897
-418,35689
-419,33492
-420,31204
-421,29714
-422,28202
-423,27304
-424,26436
-425,26014
-426,25727
-427,25704
-428,25934
-429,26280
-430,26923
-431,27583
-432,28527
-433,29337
-434,30520
-435,31527
-436,32789
-437,33812
-438,35111
-439,36113
-440,37330
-441,38285
-442,39411
-443,40254
-444,41097
-445,41734
-446,42395
-447,42846
-448,43223
-449,43395
-450,43496
-451,43394
-452,43091
-453,42736
-454,42129
-455,41521
-456,40681
-457,39846
-458,38690
-459,37573
-460,36212
-461,34944
-462,33329
-463,31932
-464,30360
-465,28928
-466,27263
-467,25776
-468,24235
-469,22853
-470,21306
-471,20118
-472,18935
-473,17997
-474,17070
-475,16436
-476,15918
-477,15672
-478,15661
-479,15891
-480,16482
-481,17260
-482,18600
-483,20062
-484,22079
-485,23804
-486,26405
-487,28874
-488,32058
-489,34837
-490,38569
-491,42476
-492,47144
-493,51315
-494,56695
-495,61439
-496,67304
-497,72325
-498,78895
-499,85017
-500,91678
-501,98025
-502,105836
-503,112315
-504,120040
-505,126710
-506,134437
-507,141472
-508,149545
-509,156682
-510,165061
-511,172162
-512,180121
-513,186892
-514,194908
-515,201504
-516,209405
-517,215828
-518,223698
-519,229834
-520,236538
-521,242074
-522,248334
-523,253358
-524,258968
-525,263622
-526,268964
-527,272880
-528,276228
-529,279580
-530,282908
-531,285397
-532,287867
-533,289431
-534,290735
-535,291460
-536,292100
-537,292465
-538,291992
-539,291117
-540,289685
-541,288164
-542,285808
-543,283474
-544,280574
-545,277407
-546,273182
-547,269450
-548,265006
-549,260455
-550,255232
-551,250528
-552,244567
-553,239248
-554,233065
-555,226798
-556,219585
-557,212715
-558,204280
-559,197869
-560,190415
-561,183726
-562,175939
-563,169021
-564,161679
-565,154433
-566,146131
-567,140256
-568,132716
-569,126211
-570,118719
-571,112350
-572,105458
-573,99972
-574,93276
-575,88227
-576,82456
-577,77801
-578,72093
-579,67654
-580,62525
-581,58406
-582,53495
-583,49868
-584,45886
-585,42662
-586,39089
-587,36237
-588,33066
-589,30674
-590,28219
-591,26409
-592,24295
-593,22714
-594,20998
-595,19672
-596,18372
-597,17440
-598,16462
-599,15804
-600,15202
-601,14847
-602,14473
-603,14270
-604,14141
-605,14102
-606,14153
-607,14227
-608,14440
-609,14595
-610,14878
-611,15103
-612,15479
-613,15710
-614,16092
-615,16349
-616,16698
-617,16918
-618,17218
-619,17425
-620,17655
-621,17800
-622,17939
-623,17999
-624,18031
-625,18015
-626,17990
-627,17907
-628,17719
-629,17569
-630,17314
-631,17074
-632,16720
-633,16410
-634,15995
-635,15620
-636,15152
-637,14724
-638,14202
-639,13786
-640,13225
-641,12787
-642,12238
-643,11773
-644,11256
-645,10838
-646,10340
-647,9983
-648,9556
-649,9264
-650,8933
-651,8699
-652,8483
-653,8352
-654,8257
-655,8222
-656,8265
-657,8347
-658,8523
-659,8753
-660,9085
-661,9453
-662,9961
-663,10455
-664,11122
-665,11769
-666,12624
-667,13432
-668,14439
-669,15352
-670,16563
-671,17635
-672,18931
-673,20099
-674,21592
-675,22811
-676,24419
-677,25771
-678,27447
-679,28822
-680,30470
-681,31755
-682,33448
-683,34876
-684,36514
-685,37758
-686,39320
-687,40508
-688,42014
-689,43279
-690,44753
-691,46067
-692,47459
-693,48492
-694,49775
-695,50888
-696,52000
-697,52977
-698,54097
-699,54938
-700,55853
-701,56595
-702,57400
-703,58036
-704,58698
-705,59143
-706,59664
-707,60017
-708,60379
-709,60622
-710,60833
-711,60891
-712,60872
-713,60915
-714,60697
-715,60439
-716,60106
-717,59749
-718,59229
-719,58739
-720,58095
-721,57548
-722,56759
-723,56021
-724,55121
-725,54346
-726,53279
-727,52442
-728,51387
-729,50444
-730,49231
-731,48208
-732,46869
-733,45749
-734,44373
-735,43234
-736,41855
-737,40704
-738,39288
-739,38142
-740,36711
-741,35545
-742,34083
-743,32895
-744,31530
-745,30436
-746,29047
-747,27919
-748,26572
-749,25482
-750,24095
-751,23168
-752,21987
-753,21052
-754,19879
-755,18921
-756,17873
-757,17054
-758,15966
-759,15215
-760,14393
-761,13721
-762,12936
-763,12302
-764,11611
-765,11086
-766,10472
-767,10049
-768,9613
-769,9263
-770,8914
-771,8653
-772,8390
-773,8220
-774,8044
-775,7949
-776,7884
-777,7855
-778,7866
-779,7875
-780,7948
-781,8035
-782,8151
-783,8306
-784,8463
-785,8599
-786,8806
-787,8983
-788,9198
-789,9400
-790,9635
-791,9819
-792,9997
-793,10213
-794,10435
-795,10600
-796,10792
-797,10930
-798,11074
-799,11201
-800,11337
-801,11407
-802,11476
-803,11513
-804,11519
-805,11538
-806,11505
-807,11459
-808,11376
-809,11288
-810,11157
-811,11019
-812,10865
-813,10725
-814,10505
-815,10311
-816,10102
-817,9932
-818,9679
-819,9469
-820,9207
-821,9022
-822,8774
-823,8600
-824,8421
-825,8268
-826,8130
-827,8054
-828,7950
-829,7919
-830,7928
-831,7977
-832,8090
-833,8218
-834,8448
-835,8689
-836,9070
-837,9440
-838,9976
-839,10474
-840,11166
-841,11812
-842,12718
-843,13498
-844,14609
-845,15598
-846,16900
-847,18005
-848,19421
-849,20734
-850,22419
-851,23895
-852,25701
-853,27309
-854,29360
-855,31156
-856,33275
-857,35186
-858,37565
-859,39723
-860,42162
-861,44329
-862,46958
-863,49213
-864,51900
-865,54409
-866,57063
-867,59501
-868,62209
-869,64654
-870,67492
-871,69953
-872,72562
-873,74905
-874,77541
-875,79855
-876,82420
-877,84473
-878,86860
-879,88908
-880,91031
-881,92919
-882,95052
-883,96522
-884,98133
-885,99186
-886,100359
-887,101312
-888,102169
-889,102530
-890,103092
-891,103548
-892,103831
-893,103977
-894,104068
-895,103962
-896,103558
-897,103202
-898,102486
-899,101968
-900,101055
-901,100127
-902,98864
-903,97670
-904,96138
-905,94797
-906,93015
-907,91233
-908,89286
-909,87562
-910,85343
-911,83436
-912,81103
-913,79105
-914,76603
-915,74456
-916,71847
-917,69447
-918,66612
-919,64319
-920,61672
-921,59397
-922,56721
-923,54487
-924,51785
-925,49578
-926,46831
-927,44655
-928,42163
-929,40133
-930,37736
-931,35799
-932,33510
-933,31662
-934,29495
-935,27831
-936,25994
-937,24482
-938,22756
-939,21411
-940,19905
-941,18716
-942,17355
-943,16372
-944,15300
-945,14474
-946,13577
-947,12885
-948,12141
-949,11602
-950,11073
-951,10688
-952,10309
-953,10065
-954,9828
-955,9704
-956,9614
-957,9597
-958,9630
-959,9682
-960,9802
-961,9948
-962,10126
-963,10314
-964,10546
-965,10779
-966,11034
-967,11253
-968,11526
-969,11750
-970,11985
-971,12184
-972,12413
-973,12588
-974,12769
-975,12900
-976,13001
-977,13075
-978,13135
-979,13170
-980,13165
-981,13153
-982,13073
-983,12996
-984,12869
-985,12748
-986,12575
-987,12401
-988,12148
-989,11937
-990,11634
-991,11380
-992,11084
-993,10823
-994,10478
-995,10210
-996,9874
-997,9582
-998,9241
-999,8974
-1000,8665
-1001,8436
-1002,8161
-1003,7957
-1004,7712
-1005,7558
-1006,7370
-1007,7275
-1008,7189
-1009,7159
-1010,7157
-1011,7190
-1012,7293
-1013,7410
-1014,7617
-1015,7822
-1016,8124
-1017,8393
-1018,8808
-1019,9185
-1020,9715
-1021,10180
-1022,10841
-1023,11375
-1024,12122
-1025,12750
-1026,13559
-1027,14258
-1028,15207
-1029,15944
-1030,16996
-1031,17804
-1032,18881
-1033,19727
-1034,20808
-1035,21750
-1036,22898
-1037,23819
-1038,25033
-1039,25922
-1040,27081
-1041,27973
-1042,29125
-1043,30119
-1044,31226
-1045,32017
-1046,32995
-1047,33838
-1048,34790
-1049,35561
-1050,36483
-1051,37174
-1052,37911
-1053,38515
-1054,39175
-1055,39693
-1056,40198
-1057,40595
-1058,41051
-1059,41410
-1060,41700
-1061,41599
-1062,41820
-1063,42041
-1064,42078
-1065,42080
-1066,41943
-1067,41781
-1068,41504
-1069,41265
-1070,40855
-1071,40559
-1072,40072
-1073,39531
-1074,38862
-1075,38279
-1076,37583
-1077,36948
-1078,36099
-1079,35427
-1080,34549
-1081,33816
-1082,32842
-1083,32058
-1084,31101
-1085,30401
-1086,29473
-1087,28759
-1088,27887
-1089,27121
-1090,26152
-1091,25353
-1092,24437
-1093,23656
-1094,22705
-1095,21950
-1096,21054
-1097,20320
-1098,19440
-1099,18718
-1100,17923
-1101,17248
-1102,16406
-1103,15793
-1104,15069
-1105,14484
-1106,13801
-1107,13259
-1108,12654
-1109,12113
-1110,11509
-1111,11052
-1112,10538
-1113,10161
-1114,9683
-1115,9316
-1116,8909
-1117,8594
-1118,8236
-1119,7954
-1120,7633
-1121,7412
-1122,7129
-1123,6946
-1124,6705
-1125,6549
-1126,6358
-1127,6241
-1128,6089
-1129,5969
-1130,5862
-1131,5762
-1132,5679
-1133,5604
-1134,5545
-1135,5484
-1136,5432
-1137,5394
-1138,5351
-1139,5315
-1140,5296
-1141,5283
-1142,5257
-1143,5252
-1144,5235
-1145,5215
-1146,5214
-1147,5203
-1148,5192
-1149,5184
-1150,5175
-1151,5154
-1152,5162
-1153,5159
-1154,5145
-1155,5131
-1156,5123
-1157,5096
-1158,5091
-1159,5073
-1160,5057
-1161,5036
-1162,5003
-1163,4993
-1164,4980
-1165,4957
-1166,4932
-1167,4909
-1168,4893
-1169,4885
-1170,4847
-1171,4840
-1172,4817
-1173,4801
-1174,4795
-1175,4778
-1176,4762
-1177,4759
-1178,4762
-1179,4755
-1180,4760
-1181,4768
-1182,4773
-1183,4793
-1184,4830
-1185,4832
-1186,4877
-1187,4913
-1188,4975
-1189,5003
-1190,5086
-1191,5139
-1192,5235
-1193,5320
-1194,5421
-1195,5508
-1196,5649
-1197,5752
-1198,5913
-1199,6047
-1200,6209
-1201,6363
-1202,6557
-1203,6741
-1204,6961
-1205,7156
-1206,7424
-1207,7646
-1208,7919
-1209,8139
-1210,8449
-1211,8714
-1212,9040
-1213,9325
-1214,9679
-1215,9968
-1216,10341
-1217,10653
-1218,11043
-1219,11397
-1220,11811
-1221,12174
-1222,12608
-1223,12963
-1224,13392
-1225,13752
-1226,14192
-1227,14561
-1228,14997
-1229,15372
-1230,15831
-1231,16179
-1232,16595
-1233,16958
-1234,17360
-1235,17719
-1236,18147
-1237,18432
-1238,18797
-1239,19095
-1240,19380
-1241,19626
-1242,19935
-1243,20174
-1244,20445
-1245,20624
-1246,20819
-1247,20975
-1248,21120
-1249,21261
-1250,21320
-1251,21375
-1252,21442
-1253,21457
-1254,21436
-1255,21388
-1256,21307
-1257,21200
-1258,21098
-1259,20962
-1260,20786
-1261,20614
-1262,20345
-1263,20130
-1264,19866
-1265,19626
-1266,19178
-1267,18979
-1268,18592
-1269,18224
-1270,17808
-1271,17410
-1272,16964
-1273,16587
-1274,16076
-1275,15648
-1276,15183
-1277,14752
-1278,14238
-1279,13801
-1280,13314
-1281,12923
-1282,12410
-1283,11998
-1284,11539
-1285,11226
-1286,10832
-1287,10556
-1288,10185
-1289,9881
-1290,9545
-1291,9272
-1292,8936
-1293,8719
-1294,8431
-1295,8236
-1296,8006
-1297,7832
-1298,7630
-1299,7489
-1300,7356
-1301,7254
-1302,7143
-1303,7077
-1304,7019
-1305,7003
-1306,6977
-1307,6968
-1308,6973
-1309,7007
-1310,7041
-1311,7104
-1312,7161
-1313,7213
-1314,7320
-1315,7394
-1316,7490
-1317,7561
-1318,7680
-1319,7766
-1320,7854
-1321,7937
-1322,8032
-1323,8121
-1324,8204
-1325,8286
-1326,8350
-1327,8414
-1328,8451
-1329,8487
-1330,8496
-1331,8505
-1332,8504
-1333,8501
-1334,8488
-1335,8457
-1336,8413
-1337,8374
-1338,8308
-1339,8231
-1340,8127
-1341,8065
-1342,7922
-1343,7833
-1344,7715
-1345,7584
-1346,7435
-1347,7319
-1348,7166
-1349,7023
-1350,6885
-1351,6761
-1352,6635
-1353,6530
-1354,6391
-1355,6304
-1356,6190
-1357,6126
-1358,6049
-1359,6005
-1360,5989
-1361,5997
-1362,6009
-1363,6054
-1364,6130
-1365,6222
-1366,6352
-1367,6515
-1368,6710
-1369,6913
-1370,7176
-1371,7444
-1372,7777
-1373,8076
-1374,8496
-1375,8833
-1376,9286
-1377,9675
-1378,10217
-1379,10710
-1380,11288
-1381,11821
-1382,12471
-1383,13041
-1384,13682
-1385,14259
-1386,14958
-1387,15611
-1388,16366
-1389,17048
-1390,17853
-1391,18547
-1392,19325
-1393,19962
-1394,20763
-1395,21433
-1396,22257
-1397,22874
-1398,23733
-1399,24338
-1400,25080
-1401,25683
-1402,26484
-1403,27081
-1404,27738
-1405,28292
-1406,28956
-1407,29436
-1408,29994
-1409,30399
-1410,30873
-1411,31242
-1412,31640
-1413,31898
-1414,32230
-1415,32408
-1416,32654
-1417,32744
-1418,32941
-1419,33011
-1420,33022
-1421,33032
-1422,32958
-1423,32836
-1424,32697
-1425,32563
-1426,32321
-1427,32092
-1428,31694
-1429,31423
-1430,30953
-1431,30619
-1432,30173
-1433,29746
-1434,29206
-1435,28680
-1436,28074
-1437,27513
-1438,26788
-1439,26299
-1440,25610
-1441,25098
-1442,24336
-1443,23746
-1444,23009
-1445,22389
-1446,21463
-1447,20877
-1448,20143
-1449,19574
-1450,18835
-1451,18191
-1452,17503
-1453,16894
-1454,16189
-1455,15635
-1456,14957
-1457,14405
-1458,13769
-1459,13181
-1460,12537
-1461,12036
-1462,11490
-1463,11032
-1464,10564
-1465,10169
-1466,9722
-1467,9381
-1468,9008
-1469,8707
-1470,8372
-1471,8112
-1472,7839
-1473,7618
-1474,7379
-1475,7213
-1476,7037
-1477,6895
-1478,6758
-1479,6648
-1480,6557
-1481,6493
-1482,6409
-1483,6369
-1484,6324
-1485,6309
-1486,6279
-1487,6259
-1488,6265
-1489,6256
-1490,6261
-1491,6262
-1492,6278
-1493,6285
-1494,6302
-1495,6317
-1496,6318
-1497,6326
-1498,6337
-1499,6350
-1500,6368
-1501,6342
-1502,6355
-1503,6361
-1504,6351
-1505,6350
-1506,6326
-1507,6305
-1508,6268
-1509,6260
-1510,6205
-1511,6180
-1512,6143
-1513,6112
-1514,6049
-1515,6005
-1516,5946
-1517,5890
-1518,5835
-1519,5774
-1520,5713
-1521,5664
-1522,5588
-1523,5546
-1524,5469
-1525,5409
-1526,5346
-1527,5293
-1528,5219
-1529,5183
-1530,5116
-1531,5061
-1532,5033
-1533,4983
-1534,4937
-1535,4894
-1536,4870
-1537,4823
-1538,4796
-1539,4769
-1540,4769
-1541,4751
-1542,4738
-1543,4728
-1544,4735
-1545,4727
-1546,4725
-1547,4737
-1548,4761
-1549,4760
-1550,4781
-1551,4804
-1552,4819
-1553,4834
-1554,4874
-1555,4891
-1556,4931
-1557,4964
-1558,4979
-1559,5007
-1560,5051
-1561,5073
-1562,5107
-1563,5152
-1564,5177
-1565,5204
-1566,5242
-1567,5260
-1568,5296
-1569,5306
-1570,5340
-1571,5342
-1572,5362
-1573,5382
-1574,5402
-1575,5408
-1576,5414
-1577,5414
-1578,5431
-1579,5422
-1580,5435
-1581,5428
-1582,5430
-1583,5436
-1584,5423
-1585,5411
-1586,5416
-1587,5414
-1588,5402
-1589,5396
-1590,5381
-1591,5377
-1592,5358
-1593,5345
-1594,5338
-1595,5321
-1596,5296
-1597,5303
-1598,5296
-1599,5277
-1600,5269
-1601,5275
-1602,5262
-1603,5259
-1604,5234
-1605,5225
-1606,5226
-1607,5232
-1608,5207
-1609,5209
-1610,5213
-1611,5200
-1612,5205
-1613,5196
-1614,5191
-1615,5186
-1616,5172
-1617,5169
-1618,5165
-1619,5159
-1620,5152
-1621,5143
-1622,5130
-1623,5126
-1624,5114
-1625,5092
-1626,5087
-1627,5087
-1628,5055
-1629,5047
-1630,5027
-1631,5009
-1632,4994
-1633,4971
-1634,4956
-1635,4930
-1636,4904
-1637,4886
-1638,4861
-1639,4835
-1640,4819
-1641,4791
-1642,4773
-1643,4737
-1644,4721
-1645,4693
-1646,4675
-1647,4642
-1648,4621
-1649,4617
-1650,4593
-1651,4570
-1652,4566
-1653,4553
-1654,4526
-1655,4519
-1656,4519
-1657,4501
-1658,4513
-1659,4511
-1660,4525
-1661,4521
-1662,4535
-1663,4542
-1664,4560
-1665,4576
-1666,4591
-1667,4608
-1668,4651
-1669,4670
-1670,4693
-1671,4724
-1672,4770
-1673,4805
-1674,4838
-1675,4879
-1676,4921
-1677,4952
-1678,5012
-1679,5034
-1680,5085
-1681,5119
-1682,5153
-1683,5174
-1684,5204
-1685,5224
-1686,5254
-1687,5270
-1688,5281
-1689,5307
-1690,5323
-1691,5319
-1692,5322
-1693,5342
-1694,5330
-1695,5328
-1696,5323
-1697,5306
-1698,5299
-1699,5285
-1700,5278
-1701,5261
-1702,5242
-1703,5212
-1704,5197
-1705,5154
-1706,5125
-1707,5092
-1708,5066
-1709,5046
-1710,5011
-1711,4990
-1712,4943
-1713,4946
-1714,4916
-1715,4895
-1716,4893
-1717,4886
-1718,4887
-1719,4896
-1720,4928
-1721,4942
-1722,4980
-1723,5005
-1724,5064
-1725,5118
-1726,5198
-1727,5266
-1728,5382
-1729,5475
-1730,5594
-1731,5703
-1732,5867
-1733,5996
-1734,6205
-1735,6352
-1736,6554
-1737,6731
-1738,6975
-1739,7170
-1740,7434
-1741,7644
-1742,7948
-1743,8190
-1744,8482
-1745,8730
-1746,9059
-1747,9341
-1748,9669
-1749,9973
-1750,10322
-1751,10634
-1752,10978
-1753,11278
-1754,11637
-1755,11941
-1756,12318
-1757,12648
-1758,13033
-1759,13284
-1760,13632
-1761,13917
-1762,14246
-1763,14535
-1764,14836
-1765,15069
-1766,15368
-1767,15608
-1768,15839
-1769,16027
-1770,16235
-1771,16407
-1772,16542
-1773,16685
-1774,16815
-1775,16911
-1776,16988
-1777,17042
-1778,17058
-1779,17066
-1780,17068
-1781,17078
-1782,17018
-1783,16975
-1784,16879
-1785,16795
-1786,16670
-1787,16549
-1788,16394
-1789,16240
-1790,16037
-1791,15862
-1792,15608
-1793,15391
-1794,15134
-1795,14895
-1796,14544
-1797,14333
-1798,13987
-1799,13738
-1800,13386
-1801,13118
-1802,12746
-1803,12445
-1804,12070
-1805,11772
-1806,11411
-1807,11122
-1808,10763
-1809,10484
-1810,10117
-1811,9853
-1812,9488
-1813,9226
-1814,8899
-1815,8630
-1816,8309
-1817,8086
-1818,7780
-1819,7540
-1820,7252
-1821,7060
-1822,6820
-1823,6656
-1824,6442
-1825,6286
-1826,6092
-1827,5963
-1828,5786
-1829,5674
-1830,5516
-1831,5428
-1832,5333
-1833,5254
-1834,5184
-1835,5135
-1836,5070
-1837,5039
-1838,4998
-1839,4966
-1840,4948
-1841,4953
-1842,4940
-1843,4945
-1844,4959
-1845,4974
-1846,4985
-1847,5012
-1848,5043
-1849,5063
-1850,5089
-1851,5120
-1852,5153
-1853,5180
-1854,5221
-1855,5241
-1856,5282
-1857,5294
-1858,5329
-1859,5341
-1860,5368
-1861,5389
-1862,5395
-1863,5394
-1864,5403
-1865,5423
-1866,5393
-1867,5394
-1868,5368
-1869,5363
-1870,5338
-1871,5334
-1872,5293
-1873,5271
-1874,5241
-1875,5209
-1876,5171
-1877,5133
-1878,5091
-1879,5059
-1880,5015
-1881,4982
-1882,4939
-1883,4910
-1884,4874
-1885,4855
-1886,4820
-1887,4797
-1888,4766
-1889,4747
-1890,4718
-1891,4717
-1892,4704
-1893,4686
-1894,4697
-1895,4698
-1896,4710
-1897,4712
-1898,4737
-1899,4753
-1900,4791
-1901,4828
-1902,4856
-1903,4898
-1904,4953
-1905,5005
-1906,5073
-1907,5118
-1908,5198
-1909,5262
-1910,5345
-1911,5403
-1912,5497
-1913,5591
-1914,5678
-1915,5765
-1916,5870
-1917,5943
-1918,6051
-1919,6115
-1920,6228
-1921,6308
-1922,6423
-1923,6505
-1924,6593
-1925,6670
-1926,6767
-1927,6844
-1928,6926
-1929,6994
-1930,7071
-1931,7128
-1932,7209
-1933,7254
-1934,7318
-1935,7350
-1936,7395
-1937,7444
-1938,7478
-1939,7487
-1940,7535
-1941,7537
-1942,7553
-1943,7552
-1944,7550
-1945,7543
-1946,7532
-1947,7515
-1948,7500
-1949,7481
-1950,7428
-1951,7408
-1952,7375
-1953,7320
-1954,7256
-1955,7204
-1956,7160
-1957,7091
-1958,7035
-1959,6959
-1960,6896
-1961,6832
-1962,6743
-1963,6678
-1964,6581
-1965,6517
-1966,6431
-1967,6350
-1968,6265
-1969,6194
-1970,6098
-1971,6029
-1972,5956
-1973,5885
-1974,5796
-1975,5726
-1976,5665
-1977,5598
-1978,5527
-1979,5460
-1980,5383
-1981,5335
-1982,5269
-1983,5227
-1984,5161
-1985,5107
-1986,5047
-1987,5018
-1988,4973
-1989,4912
-1990,4888
-1991,4855
-1992,4813
-1993,4791
-1994,4736
-1995,4718
-1996,4691
-1997,4672
-1998,4649
-1999,4630
-2000,4595
-2001,4591
-2002,4562
-2003,4552
-2004,4539
-2005,4536
-2006,4511
-2007,4500
-2008,4490
-2009,4495
-2010,4475
-2011,4470
-2012,4454
-2013,4440
-2014,4433
-2015,4441
-2016,4425
-2017,4423
-2018,4411
-2019,4409
-2020,4406
-2021,4411
-2022,4398
-2023,4389
-2024,4383
-2025,4380
-2026,4378
-2027,4364
-2028,4381
-2029,4371
-2030,4364
-2031,4358
-2032,4361
-2033,4354
-2034,4342
-2035,4346
-2036,4352
-2037,4342
-2038,4354
-2039,4337
-2040,4348
-2041,4337
-2042,4344
-2043,4346
-2044,4343
-2045,4342
-2046,4355
-2047,4368
-2048,4352
-2049,4350
-2050,4372
-2051,4361
-2052,4377
-2053,4399
-2054,4390
-2055,4390
-2056,4406
-2057,4415
-2058,4421
-2059,4432
-2060,4445
-2061,4435
-2062,4444
-2063,4456
-2064,4464
-2065,4474
-2066,4479
-2067,4487
-2068,4494
-2069,4508
-2070,4530
-2071,4529
-2072,4543
-2073,4543
-2074,4561
-2075,4577
-2076,4605
-2077,4628
-2078,4618
-2079,4656
-2080,4670
-2081,4688
-2082,4711
-2083,4735
-2084,4758
-2085,4776
-2086,4805
-2087,4821
-2088,4871
-2089,4887
-2090,4933
-2091,4961
-2092,5010
-2093,5046
-2094,5093
-2095,5134
-2096,5178
-2097,5208
-2098,5274
-2099,5326
-2100,5384
-2101,5436
-2102,5485
-2103,5554
-2104,5632
-2105,5679
-2106,5745
-2107,5813
-2108,5885
-2109,5949
-2110,6033
-2111,6090
-2112,6178
-2113,6230
-2114,6319
-2115,6379
-2116,6476
-2117,6541
-2118,6623
-2119,6697
-2120,6775
-2121,6852
-2122,6912
-2123,6982
-2124,7050
-2125,7100
-2126,7176
-2127,7216
-2128,7298
-2129,7330
-2130,7394
-2131,7437
-2132,7485
-2133,7508
-2134,7542
-2135,7571
-2136,7606
-2137,7615
-2138,7651
-2139,7651
-2140,7648
-2141,7644
-2142,7651
-2143,7621
-2144,7605
-2145,7593
-2146,7570
-2147,7541
-2148,7502
-2149,7463
-2150,7421
-2151,7376
-2152,7313
-2153,7257
-2154,7186
-2155,7125
-2156,7050
-2157,6980
-2158,6887
-2159,6828
-2160,6728
-2161,6653
-2162,6563
-2163,6468
-2164,6371
-2165,6286
-2166,6202
-2167,6121
-2168,6026
-2169,5943
-2170,5847
-2171,5767
-2172,5676
-2173,5592
-2174,5499
-2175,5434
-2176,5341
-2177,5295
-2178,5218
-2179,5155
-2180,5089
-2181,5046
-2182,4978
-2183,4935
-2184,4885
-2185,4851
-2186,4811
-2187,4775
-2188,4749
-2189,4728
-2190,4709
-2191,4683
-2192,4676
-2193,4671
-2194,4661
-2195,4655
-2196,4663
-2197,4674
-2198,4678
-2199,4683
-2200,4707
-2201,4726
-2202,4741
-2203,4765
-2204,4776
-2205,4817
-2206,4848
-2207,4859
-2208,4899
-2209,4915
-2210,4948
-2211,4982
-2212,5010
-2213,5052
-2214,5079
-2215,5092
-2216,5135
-2217,5161
-2218,5162
-2219,5198
-2220,5211
-2221,5244
-2222,5254
-2223,5282
-2224,5287
-2225,5315
-2226,5325
-2227,5334
-2228,5331
-2229,5343
-2230,5349
-2231,5345
-2232,5332
-2233,5336
-2234,5322
-2235,5310
-2236,5314
-2237,5293
-2238,5282
-2239,5276
-2240,5258
-2241,5240
-2242,5237
-2243,5211
-2244,5189
-2245,5168
-2246,5156
-2247,5146
-2248,5126
-2249,5105
-2250,5103
-2251,5092
-2252,5070
-2253,5074
-2254,5053
-2255,5077
-2256,5067
-2257,5068
-2258,5076
-2259,5067
-2260,5086
-2261,5108
-2262,5112
-2263,5139
-2264,5158
-2265,5187
-2266,5226
-2267,5265
-2268,5307
-2269,5341
-2270,5401
-2271,5446
-2272,5506
-2273,5555
-2274,5624
-2275,5691
-2276,5756
-2277,5826
-2278,5908
-2279,5962
-2280,6061
-2281,6106
-2282,6202
-2283,6258
-2284,6338
-2285,6387
-2286,6494
-2287,6541
-2288,6630
-2289,6672
-2290,6748
-2291,6809
-2292,6885
-2293,6949
-2294,7018
-2295,7062
-2296,7136
-2297,7181
-2298,7242
-2299,7287
-2300,7331
-2301,7379
-2302,7421
-2303,7445
-2304,7481
-2305,7498
-2306,7524
-2307,7551
-2308,7559
-2309,7575
-2310,7586
-2311,7574
-2312,7554
-2313,7560
-2314,7547
-2315,7527
-2316,7501
-2317,7471
-2318,7450
-2319,7424
-2320,7390
-2321,7333
-2322,7292
-2323,7239
-2324,7193
-2325,7145
-2326,7081
-2327,7023
-2328,6948
-2329,6913
-2330,6824
-2331,6756
-2332,6690
-2333,6618
-2334,6537
-2335,6472
-2336,6384
-2337,6325
-2338,6230
-2339,6159
-2340,6082
-2341,6015
-2342,5928
-2343,5864
-2344,5781
-2345,5726
-2346,5642
-2347,5573
-2348,5508
-2349,5447
-2350,5374
-2351,5308
-2352,5245
-2353,5195
-2354,5134
-2355,5077
-2356,5027
-2357,4975
-2358,4912
-2359,4880
-2360,4822
-2361,4774
-2362,4743
-2363,4701
-2364,4656
-2365,4628
-2366,4600
-2367,4581
-2368,4548
-2369,4532
-2370,4507
-2371,4482
-2372,4458
-2373,4463
-2374,4435
-2375,4432
-2376,4416
-2377,4416
-2378,4412
-2379,4394
-2380,4404
-2381,4405
-2382,4397
-2383,4403
-2384,4389
-2385,4393
-2386,4402
-2387,4408
-2388,4415
-2389,4410
-2390,4419
-2391,4425
-2392,4436
-2393,4437
-2394,4452
-2395,4458
-2396,4474
-2397,4472
-2398,4476
-2399,4495
-2400,4499
-2401,4505
-2402,4516
-2403,4519
-2404,4540
-2405,4540
-2406,4545
-2407,4562
-2408,4555
-2409,4561
-2410,4580
-2411,4574
-2412,4578
-2413,4598
-2414,4601
-2415,4601
-2416,4614
-2417,4603
-2418,4611
-2419,4613
-2420,4620
-2421,4617
-2422,4622
-2423,4623
-2424,4637
-2425,4623
-2426,4618
-2427,4623
-2428,4629
-2429,4629
-2430,4629
-2431,4630
-2432,4628
-2433,4627
-2434,4623
-2435,4623
-2436,4633
-2437,4633
-2438,4619
-2439,4617
-2440,4632
-2441,4626
-2442,4637
-2443,4629
-2444,4631
-2445,4632
-2446,4642
-2447,4644
-2448,4644
-2449,4646
-2450,4648
-2451,4653
-2452,4653
-2453,4684
-2454,4682
-2455,4690
-2456,4694
-2457,4714
-2458,4722
-2459,4721
-2460,4739
-2461,4757
-2462,4772
-2463,4779
-2464,4794
-2465,4807
-2466,4829
-2467,4840
-2468,4859
-2469,4867
-2470,4880
-2471,4906
-2472,4916
-2473,4934
-2474,4965
-2475,4981
-2476,4993
-2477,5010
-2478,5037
-2479,5045
-2480,5077
-2481,5074
-2482,5095
-2483,5105
-2484,5117
-2485,5135
-2486,5117
-2487,5138
-2488,5160
-2489,5175
-2490,5167
-2491,5181
-2492,5163
-2493,5176
-2494,5182
-2495,5182
-2496,5179
-2497,5185
-2498,5171
-2499,5164
-2500,5160
-2501,5151
-2502,5140
-2503,5129
-2504,5104
-2505,5106
-2506,5097
-2507,5074
-2508,5055
-2509,5023
-2510,5011
-2511,4981
-2512,4964
-2513,4950
-2514,4915
-2515,4893
-2516,4858
-2517,4839
-2518,4815
-2519,4793
-2520,4755
-2521,4738
-2522,4706
-2523,4679
-2524,4654
-2525,4633
-2526,4597
-2527,4584
-2528,4561
-2529,4536
-2530,4522
-2531,4490
-2532,4469
-2533,4468
-2534,4439
-2535,4430
-2536,4406
-2537,4403
-2538,4379
-2539,4375
-2540,4373
-2541,4349
-2542,4357
-2543,4352
-2544,4360
-2545,4351
-2546,4351
-2547,4366
-2548,4365
-2549,4362
-2550,4377
-2551,4377
-2552,4388
-2553,4385
-2554,4402
-2555,4415
-2556,4426
-2557,4435
-2558,4456
-2559,4476
-2560,4482
-2561,4509
-2562,4507
-2563,4513
-2564,4548
-2565,4552
-2566,4572
-2567,4569
-2568,4580
-2569,4597
-2570,4593
-2571,4617
-2572,4621
-2573,4621
-2574,4619
-2575,4634
-2576,4630
-2577,4628
-2578,4638
-2579,4639
-2580,4631
-2581,4638
-2582,4633
-2583,4634
-2584,4626
-2585,4616
-2586,4613
-2587,4605
-2588,4583
-2589,4585
-2590,4575
-2591,4561
-2592,4546
-2593,4552
-2594,4547
-2595,4538
-2596,4517
-2597,4524
-2598,4519
-2599,4512
-2600,4505
-2601,4509
-2602,4500
-2603,4501
-2604,4518
-2605,4512
-2606,4514
-2607,4526
-2608,4543
-2609,4549
-2610,4564
-2611,4595
-2612,4627
-2613,4641
-2614,4678
-2615,4710
-2616,4738
-2617,4771
-2618,4828
-2619,4861
-2620,4917
-2621,4966
-2622,5018
-2623,5070
-2624,5128
-2625,5199
-2626,5261
-2627,5321
-2628,5386
-2629,5465
-2630,5537
-2631,5606
-2632,5684
-2633,5735
-2634,5829
-2635,5898
-2636,5971
-2637,6043
-2638,6140
-2639,6211
-2640,6288
-2641,6353
-2642,6436
-2643,6503
-2644,6566
-2645,6632
-2646,6720
-2647,6755
-2648,6832
-2649,6884
-2650,6949
-2651,6988
-2652,7043
-2653,7071
-2654,7138
-2655,7161
-2656,7186
-2657,7215
-2658,7254
-2659,7271
-2660,7289
-2661,7301
-2662,7301
-2663,7298
-2664,7309
-2665,7291
-2666,7273
-2667,7254
-2668,7223
-2669,7198
-2670,7152
-2671,7122
-2672,7060
-2673,7038
-2674,6979
-2675,6930
-2676,6861
-2677,6813
-2678,6741
-2679,6688
-2680,6602
-2681,6543
-2682,6473
-2683,6394
-2684,6327
-2685,6276
-2686,6214
-2687,6139
-2688,6052
-2689,6006
-2690,5917
-2691,5860
-2692,5781
-2693,5722
-2694,5628
-2695,5575
-2696,5508
-2697,5451
-2698,5384
-2699,5327
-2700,5259
-2701,5218
-2702,5153
-2703,5108
-2704,5054
-2705,5007
-2706,4959
-2707,4942
-2708,4883
-2709,4839
-2710,4810
-2711,4789
-2712,4748
-2713,4716
-2714,4691
-2715,4671
-2716,4659
-2717,4630
-2718,4616
-2719,4604
-2720,4586
-2721,4579
-2722,4567
-2723,4566
-2724,4574
-2725,4553
-2726,4546
-2727,4542
-2728,4539
-2729,4543
-2730,4539
-2731,4546
-2732,4545
-2733,4555
-2734,4559
-2735,4565
-2736,4552
-2737,4566
-2738,4568
-2739,4568
-2740,4572
-2741,4562
-2742,4562
-2743,4565
-2744,4567
-2745,4570
-2746,4574
-2747,4562
-2748,4560
-2749,4560
-2750,4556
-2751,4554
-2752,4548
-2753,4547
-2754,4537
-2755,4536
-2756,4531
-2757,4530
-2758,4522
-2759,4501
-2760,4485
-2761,4486
-2762,4482
-2763,4477
-2764,4472
-2765,4458
-2766,4445
-2767,4424
-2768,4429
-2769,4425
-2770,4417
-2771,4402
-2772,4402
-2773,4404
-2774,4395
-2775,4397
-2776,4390
-2777,4381
-2778,4388
-2779,4385
-2780,4380
-2781,4370
-2782,4379
-2783,4382
-2784,4379
-2785,4375
-2786,4384
-2787,4386
-2788,4384
-2789,4392
-2790,4401
-2791,4412
-2792,4417
-2793,4421
-2794,4431
-2795,4454
-2796,4470
-2797,4465
-2798,4487
-2799,4489
-2800,4496
-2801,4508
-2802,4537
-2803,4527
-2804,4567
-2805,4561
-2806,4572
-2807,4588
-2808,4602
-2809,4615
-2810,4626
-2811,4642
-2812,4650
-2813,4662
-2814,4673
-2815,4683
-2816,4694
-2817,4711
-2818,4720
-2819,4723
-2820,4739
-2821,4742
-2822,4751
-2823,4758
-2824,4769
-2825,4779
-2826,4777
-2827,4781
-2828,4789
-2829,4796
-2830,4793
-2831,4805
-2832,4798
-2833,4802
-2834,4805
-2835,4805
-2836,4808
-2837,4804
-2838,4828
-2839,4811
-2840,4799
-2841,4810
-2842,4805
-2843,4805
-2844,4808
-2845,4812
-2846,4805
-2847,4780
-2848,4804
-2849,4791
-2850,4787
-2851,4788
-2852,4777
-2853,4775
-2854,4776
-2855,4769
-2856,4754
-2857,4752
-2858,4741
-2859,4732
-2860,4737
-2861,4726
-2862,4722
-2863,4702
-2864,4696
-2865,4690
-2866,4686
-2867,4676
-2868,4666
-2869,4654
-2870,4646
-2871,4650
-2872,4628
-2873,4633
-2874,4619
-2875,4592
-2876,4594
-2877,4578
-2878,4565
-2879,4541
-2880,4534
-2881,4532
-2882,4510
-2883,4507
-2884,4497
-2885,4484
-2886,4473
-2887,4463
-2888,4445
-2889,4450
-2890,4427
-2891,4412
-2892,4418
-2893,4398
-2894,4391
-2895,4385
-2896,4379
-2897,4368
-2898,4352
-2899,4342
-2900,4344
-2901,4322
-2902,4326
-2903,4323
-2904,4305
-2905,4302
-2906,4293
-2907,4297
-2908,4289
-2909,4290
-2910,4281
-2911,4273
-2912,4272
-2913,4286
-2914,4276
-2915,4272
-2916,4271
-2917,4275
-2918,4273
-2919,4270
-2920,4278
-2921,4282
-2922,4271
-2923,4281
-2924,4269
-2925,4278
-2926,4279
-2927,4280
-2928,4301
-2929,4286
-2930,4295
-2931,4292
-2932,4302
-2933,4298
-2934,4295
-2935,4304
-2936,4315
-2937,4296
-2938,4295
-2939,4316
-2940,4316
-2941,4296
-2942,4308
-2943,4315
-2944,4294
-2945,4316
-2946,4310
-2947,4307
-2948,4307
-2949,4320
-2950,4301
-2951,4301
-2952,4310
-2953,4308
-2954,4308
-2955,4325
-2956,4318
-2957,4316
-2958,4317
-2959,4314
-2960,4325
-2961,4333
-2962,4336
-2963,4329
-2964,4347
-2965,4356
-2966,4363
-2967,4375
-2968,4386
-2969,4391
-2970,4405
-2971,4431
-2972,4443
-2973,4456
-2974,4480
-2975,4494
-2976,4522
-2977,4543
-2978,4571
-2979,4589
-2980,4610
-2981,4633
-2982,4671
-2983,4710
-2984,4745
-2985,4779
-2986,4817
-2987,4841
-2988,4876
-2989,4920
-2990,4967
-2991,4998
-2992,5037
-2993,5079
-2994,5124
-2995,5148
-2996,5193
-2997,5242
-2998,5298
-2999,5320
-3000,5377
-3001,5410
-3002,5463
-3003,5503
-3004,5536
-3005,5585
-3006,5635
-3007,5650
-3008,5691