2000,4583
1999,4582
1998,4580
1997,4595
1996,4587
1995,4600
1994,4601
1993,4580
1992,4583
1991,4594
1990,4588
1989,4600
1988,4594
1987,4603
1986,4591
1985,4604
1984,4614
1983,4607
1982,4609
1981,4612
1980,4591
1979,4606
1978,4615
1977,4609
1976,4615
1975,4628
1974,4621
1973,4614
1972,4625
1971,4621
1970,4621
1969,4625
1968,4632
1967,4630
1966,4640
1965,4636
1964,4640
1963,4642
1962,4644
1961,4645
1960,4652
1959,4662
1958,4669
1957,4677
1956,4669
1955,4677
1954,4689
1953,4685
1952,4689
1951,4707
1950,4689
1949,4709
1948,4708
1947,4713
1946,4712
1945,4706
1944,4723
1943,4723
1942,4731
1941,4739
1940,4735
1939,4748
1938,4729
1937,4734
1936,4748
1935,4732
1934,4757
1933,4748
1932,4749
1931,4750
1930,4749
1929,4742
1928,4746
1927,4742
1926,4744
1925,4751
1924,4753
1923,4754
1922,4754
1921,4758
1920,4754
1919,4753
1918,4755
1917,4756
1916,4763
1915,4766
1914,4762
1913,4765
1912,4754
1911,4775
1910,4764
1909,4772
1908,4769
1907,4788
1906,4779
1905,4779
1904,4770
1903,4778
1902,4779
1901,4788
1900,4788
1899,4793
1898,4790
1897,4786
1896,4789
1895,4772
1894,4781
1893,4785
1892,4786
1891,4775
1890,4784
1889,4791
1888,4789
1887,4781
1886,4780
1885,4774
1884,4779
1883,4777
1882,4780
1881,4777
1880,4781
1879,4764
1878,4765
1877,4778
1876,4766
1875,4770
1874,4757
1873,4750
1872,4762
1871,4761
1870,4747
1869,4750
1868,4752
1867,4753
1866,4744
1865,4743
1864,4753
1863,4761
1862,4744
1861,4754
1860,4757
1859,4748
1858,4751
1857,4758
1856,4757
1855,4759
1854,4753
1853,4753
1852,4748
1851,4742
1850,4732
1849,4745
1848,4743
1847,4740
1846,4747
1845,4761
1844,4736
1843,4742
1842,4750
1841,4744
1840,4735
1839,4746
1838,4745
1837,4748
1836,4749
1835,4746
1834,4760
1833,4745
1832,4748
1831,4747
1830,4762
1829,4750
1828,4751
1827,4766
1826,4756
1825,4765
1824,4768
1823,4763
1822,4756
1821,4763
1820,4756
1819,4768
1818,4768
1817,4772
1816,4779
1815,4771
1814,4771
1813,4774
1812,4760
1811,4765
1810,4775
1809,4772
1808,4771
1807,4775
1806,4766
1805,4773
1804,4773
1803,4758
1802,4765
1801,4759
1800,4757
1799,4756
1798,4779
1797,4752
1796,4751
1795,4756
1794,4756
1793,4740
1792,4741
1791,4752
1790,4754
1789,4752
1788,4753
1787,4749
1786,4754
1785,4757
1784,4749
1783,4760
1782,4753
1781,4761
1780,4757
1779,4763
1778,4763
1777,4764
1776,4759
1775,4761
1774,4764
1773,4766
1772,4764
1771,4769
1770,4773
1769,4766
1768,4765
1767,4778
1766,4781
1765,4764
1764,4783
1763,4766
1762,4770
1761,4769
1760,4778
1759,4777
1758,4784
1757,4778
1756,4782
1755,4782
1754,4778
1753,4785
1752,4787
1751,4786
1750,4787
1749,4784
1748,4794
1747,4791
1746,4796
1745,4806
1744,4802
1743,4807
1742,4814
1741,4805
1740,4806
1739,4828
1738,4827
1737,4831
1736,4841
1735,4834
1734,4855
1733,4859
1732,4851
1731,4857
1730,4869
1729,4867
1728,4879
1727,4887
1726,4875
1725,4882
1724,4896
1723,4902
1722,4904
1721,4907
1720,4909
1719,4909
1718,4900
1717,4912
1716,4917
1715,4919
1714,4931
1713,4922
1712,4930
1711,4928
1710,4932
1709,4936
1708,4934
1707,4931
1706,4952
1705,4935
1704,4953
1703,4955
1702,4957
1701,4951
1700,4944
1699,4958
1698,4976
1697,4969
1696,4983
1695,4973
1694,4968
1693,4967
1692,4987
1691,4985
1690,4976
1689,4990
1688,4987
1687,4991
1686,5003
1685,4993
1684,4998
1683,4999
1682,5014
1681,5001
1680,5005
1679,5018
1678,5015
1677,5015
1676,5014
1675,5015
1674,5022
1673,5017
1672,5009
1671,5001
1670,5010
1669,5008
1668,5025
1667,5027
1666,5037
1665,5023
1664,5025
1663,5031
1662,5048
1661,5037
1660,5035
1659,5033
1658,5035
1657,5033
1656,5059
1655,5050
1654,5048
1653,5051
1652,5055
1651,5056
1650,5057
1649,5049
1648,5048
1647,5068
1646,5065
1645,5066
1644,5063
1643,5054
1642,5062
1641,5064
1640,5068
1639,5061
1638,5072
1637,5065
1636,5073
1635,5064
1634,5073
1633,5082
1632,5069
1631,5072
1630,5075
1629,5078
1628,5086
1627,5077
1626,5085
1625,5084
1624,5080
1623,5078
1622,5085
1621,5089
1620,5091
1619,5096
1618,5088
1617,5086
1616,5106
1615,5097
1614,5095
1613,5074
1612,5102
1611,5081
1610,5088
1609,5082
1608,5079
1607,5079
1606,5088
1605,5080
1604,5078
1603,5072
1602,5062
1601,5061
1600,5046
1599,5064
1598,5058
1597,5047
1596,5050
1595,5055
1594,5053
1593,5056
1592,5045
1591,5055
1590,5041
1589,5043
1588,5048
1587,5043
1586,5035
1585,5040
1584,5041
1583,5034
1582,5042
1581,5039
1580,5038
1579,5032
1578,5037
1577,5022
1576,5034
1575,5036
1574,5036
1573,5024
1572,5034
1571,5031
1570,5022
1569,5014
1568,5014
1567,5013
1566,5016
1565,5004
1564,5017
1563,5010
1562,5014
1561,5002
1560,5008
1559,5013
1558,5017
1557,5009
1556,5007
1555,5014
1554,5004
1553,5013
1552,5005
1551,5005
1550,5003
1549,5007
1548,5015
1547,5012
1546,5011
1545,5014
1544,5024
1543,5019
1542,5021
1541,5019
1540,5022
1539,5027
1538,5029
1537,5030
1536,5029
1535,5032
1534,5043
1533,5044
1532,5043
1531,5044
1530,5034
1529,5029
1528,5034
1527,5038
1526,5045
1525,5042
1524,5028
1523,5038
1522,5034
1521,5047
1520,5037
1519,5043
1518,5040
1517,5037
1516,5046
1515,5035
1514,5038
1513,5040
1512,5042
1511,5033
1510,5048
1509,5046
1508,5051
1507,5050
1506,5057
1505,5048
1504,5060
1503,5065
1502,5068
1501,5082
1500,5079
1499,5094
1498,5097
1497,5099
1496,5113
1495,5112
1494,5133
1493,5122
1492,5137
1491,5139
1490,5143
1489,5160
1488,5164
1487,5160
1486,5168
1485,5173
1484,5184
1483,5183
1482,5193
1481,5192
1480,5198
1479,5207
1478,5215
1477,5212
1476,5218
1475,5210
1474,5218
1473,5231
1472,5225
1471,5233
1470,5232
1469,5243
1468,5248
1467,5254
1466,5258
1465,5247
1464,5254
1463,5255
1462,5259
1461,5258
1460,5261
1459,5273
1458,5259
1457,5263
1456,5271
1455,5266
1454,5273
1453,5264
1452,5278
1451,5255
1450,5267
1449,5255
1448,5260
1447,5265
1446,5266
1445,5254
1444,5280
1443,5270
1442,5283
1441,5275
1440,5267
1439,5276
1438,5281
1437,5278
1436,5286
1435,5299
1434,5310
1433,5315
1432,5316
1431,5329
1430,5334
1429,5344
1428,5356
1427,5357
1426,5362
1425,5373
1424,5384
1423,5394
1422,5404
1421,5403
1420,5417
1419,5414
1418,5420
1417,5432
1416,5435
1415,5430
1414,5438
1413,5446
1412,5452
1411,5447
1410,5465
1409,5454
1408,5450
1407,5464
1406,5455
1405,5459
1404,5477
1403,5464
1402,5478
1401,5476
1400,5477
1399,5471
1398,5463
1397,5459
1396,5467
1395,5466
1394,5466
1393,5460
1392,5475
1391,5480
1390,5474
1389,5483
1388,5487
1387,5495
1386,5491
1385,5495
1384,5503
1383,5495
1382,5515
1381,5493
1380,5503
1379,5499
1378,5498
1377,5497
1376,5486
1375,5489
1374,5489
1373,5482
1372,5476
1371,5477
1370,5465
1369,5462
1368,5462
1367,5443
1366,5436
1365,5433
1364,5423
1363,5415
1362,5411
1361,5416
1360,5416
1359,5399
1358,5394
1357,5380
1356,5384
1355,5377
1354,5372
1353,5363
1352,5359
1351,5349
1350,5338
1349,5338
1348,5347
1347,5326
1346,5319
1345,5306
1344,5303
1343,5292
1342,5299
1341,5276
1340,5272
1339,5267
1338,5260
1337,5250
1336,5251
1335,5241
1334,5224
1333,5236
1332,5224
1331,5207
1330,5203
1329,5200
1328,5188
1327,5174
1326,5189
1325,5186
1324,5180
1323,5178
1322,5186
1321,5170
1320,5171
1319,5175
1318,5171
1317,5173
1316,5183
1315,5168
1314,5177
1313,5174
1312,5164
1311,5173
1310,5171
1309,5175
1308,5183
1307,5167
1306,5187
1305,5185
1304,5187
1303,5176
1302,5180
1301,5174
1300,5193
1299,5173
1298,5177
1297,5178
1296,5167
1295,5173
1294,5167
1293,5166
1292,5167
1291,5166
1290,5167
1289,5176
1288,5172
1287,5166
1286,5163
1285,5162
1284,5174
1283,5160
1282,5160
1281,5165
1280,5159
1279,5151
1278,5165
1277,5148
1276,5149
1275,5153
1274,5162
1273,5156
1272,5157
1271,5154
1270,5166
1269,5159
1268,5178
1267,5167
1266,5174
1265,5160
1264,5173
1263,5169
1262,5170
1261,5184
1260,5177
1259,5186
1258,5183
1257,5176
1256,5191
1255,5184
1254,5186
1253,5188
1252,5195
1251,5190
1250,5190
1249,5195
1248,5183
1247,5195
1246,5192
1245,5200
1244,5198
1243,5187
1242,5208
1241,5200
1240,5210
1239,5205
1238,5208
1237,5206
1236,5210
1235,5218
1234,5224
1233,5224
1232,5226
1231,5231
1230,5241
1229,5247
1228,5254
1227,5257
1226,5269
1225,5273
1224,5263
1223,5285
1222,5285
1221,5279
1220,5289
1219,5302
1218,5307
1217,5313
1216,5328
1215,5333
1214,5327
1213,5334
1212,5356
1211,5356
1210,5367
1209,5369
1208,5391
1207,5401
1206,5402
1205,5408
1204,5433
1203,5448
1202,5464
1201,5488
1200,5502
1199,5512
1198,5533
1197,5551
1196,5567
1195,5595
1194,5639
1193,5651
1192,5672
1191,5704
1190,5735
1189,5747
1188,5775
1187,5791
1186,5853
1185,5862
1184,5894
1183,5908
1182,5927
1181,5950
1180,5966
1179,5977
1178,6021
1177,6010
1176,6039
1175,6049
1174,6053
1173,6069
1172,6085
1171,6093
1170,6104
1169,6101
1168,6125
1167,6125
1166,6120
1165,6126
1164,6130
1163,6126
1162,6124
1161,6140
1160,6136
1159,6122
1158,6108
1157,6098
1156,6114
1155,6095
1154,6094
1153,6064
1152,6066
1151,6041
1150,6026
1149,6017
1148,5999
1147,5978
1146,5986
1145,5966
1144,5963
1143,5934
1142,5925
1141,5922
1140,5903
1139,5889
1138,5888
1137,5862
1136,5863
1135,5851
1134,5867
1133,5849
1132,5853
1131,5855
1130,5865
1129,5867
1128,5873
1127,5866
1126,5891
1125,5890
1124,5909
1123,5904
1122,5912
1121,5925
1120,5933
1119,5929
1118,5929
1117,5945
1116,5934
1115,5936
1114,5937
1113,5921
1112,5943
1111,5925
1110,5927
1109,5906
1108,5927
1107,5905
1106,5908
1105,5896
1104,5890
1103,5872
1102,5863
1101,5855
1100,5842
1099,5837
1098,5814
1097,5793
1096,5778
1095,5755
1094,5753
1093,5737
1092,5717
1091,5725
1090,5709
1089,5696
1088,5674
1087,5679
1086,5669
1085,5660
1084,5648
1083,5638
1082,5634
1081,5636
1080,5614
1079,5602
1078,5596
1077,5588
1076,5574
1075,5555
1074,5552
1073,5541
1072,5541
1071,5527
1070,5508
1069,5501
1068,5471
1067,5458
1066,5434
1065,5424
1064,5408
1063,5386
1062,5368
1061,5352
1060,5315
1059,5305
1058,5291
1057,5263
1056,5244
1055,5225
1054,5222
1053,5211
1052,5193
1051,5188
1050,5177
1049,5169
1048,5167
1047,5156
1046,5150
1045,5148
1044,5156
1043,5145
1042,5147
1041,5151
1040,5133
1039,5142
1038,5142
1037,5141
1036,5130
1035,5130
1034,5138
1033,5136
1032,5122
1031,5139
1030,5129
1029,5137
1028,5124
1027,5125
1026,5126
1025,5118
1024,5111
1023,5111
1022,5106
1021,5100
1020,5094
1019,5091
1018,5085
1017,5091
1016,5090
1015,5087
1014,5079
1013,5085
1012,5081
1011,5068
1010,5080
1009,5085
1008,5083
1007,5076
1006,5083
1005,5089
1004,5085
1003,5102
1002,5112
1001,5117
1000,5151
999,5161
998,5173
997,5192
996,5218
995,5222
994,5259
993,5284
992,5299
991,5317
990,5364
989,5368
988,5400
987,5425
986,5452
985,5469
984,5505
983,5510
982,5534
981,5557
980,5579
979,5591
978,5612
977,5620
976,5623
975,5639
974,5641
973,5638
972,5658
971,5670
970,5671
969,5671
968,5690
967,5678
966,5685
965,5680
964,5691
963,5695
962,5708
961,5692
960,5708
959,5736
958,5715
957,5732
956,5735
955,5759
954,5774
953,5788
952,5828
951,5827
950,5872
949,5877
948,5917
947,5942
946,5969
945,5996
944,6020
943,6039
942,6080
941,6100
940,6119
939,6137
938,6167
937,6182
936,6212
935,6206
934,6240
933,6247
932,6270
931,6273
930,6284
929,6287
928,6318
927,6314
926,6341
925,6342
924,6343
923,6350
922,6370
921,6368
920,6368
919,6370
918,6387
917,6394
916,6394
915,6408
914,6412
913,6416
912,6413
911,6422
910,6432
909,6422
908,6443
907,6427
906,6442
905,6441
904,6448
903,6437
902,6436
901,6426
900,6431
899,6429
898,6421
897,6428
896,6408
895,6410
894,6414
893,6396
892,6400
891,6394
890,6399
889,6382
888,6389
887,6365
886,6377
885,6371
884,6364
883,6354
882,6367
881,6357
880,6367
879,6350
878,6360
877,6365
876,6361
875,6371
874,6382
873,6373
872,6381
871,6383
870,6385
869,6389
868,6392
867,6396
866,6397
865,6396
864,6401
863,6392
862,6392
861,6389
860,6379
859,6373
858,6378
857,6351
856,6358
855,6339
854,6330
853,6304
852,6299
851,6292
850,6272
849,6257
848,6241
847,6232
846,6227
845,6205
844,6196
843,6197
842,6165
841,6149
840,6136
839,6115
838,6103
837,6088
836,6058
835,6033
834,6021
833,5996
832,5973
831,5957
830,5920
829,5886
828,5870
827,5837
826,5809
825,5778
824,5742
823,5708
822,5685
821,5629
820,5605
819,5562
818,5542
817,5493
816,5453
815,5415
814,5381
813,5353
812,5317
811,5297
810,5274
809,5249
808,5225
807,5206
806,5185
805,5169
804,5153
803,5159
802,5129
801,5132
800,5118
799,5118
798,5106
797,5119
796,5118
795,5130
794,5129
793,5125
792,5124
791,5128
790,5118
789,5137
788,5138
787,5142
786,5127
785,5134
784,5130
783,5142
782,5146
781,5125
780,5131
779,5136
778,5136
777,5133
776,5162
775,5165
774,5165
773,5177
772,5165
771,5177
770,5182
769,5192
768,5207
767,5211
766,5217
765,5215
764,5232
763,5215
762,5230
761,5237
760,5241
759,5252
758,5260
757,5272
756,5280
755,5289
754,5304
753,5304
752,5310
751,5335
750,5347
749,5355
748,5383
747,5392
746,5429
745,5432
744,5475
743,5498
742,5539
741,5567
740,5606
739,5634
738,5687
737,5721
736,5753
735,5800
734,5839
733,5876
732,5922
731,5956
730,5998
729,6031
728,6071
727,6097
726,6141
725,6141
724,6177
723,6204
722,6230
721,6218
720,6232
719,6219
718,6220
717,6201
716,6218
715,6216
714,6199
713,6195
712,6215
711,6193
710,6205
709,6207
708,6229
707,6247
706,6277
705,6322
704,6383
703,6456
702,6544
701,6601
700,6707
699,6808
698,6933
697,7065
696,7203
695,7326
694,7507
693,7638
692,7806
691,7936
690,8105
689,8243
688,8403
687,8534
686,8700
685,8797
684,8923
683,9011
682,9108
681,9166
680,9218
679,9243
678,9289
677,9281
676,9249
675,9213
674,9198
673,9130
672,9052
671,8957
670,8855
669,8751
668,8650
667,8539
666,8397
665,8271
664,8124
663,8031
662,7909
661,7800
660,7710
659,7619
658,7566
657,7506
656,7487
655,7484
654,7507
653,7527
652,7575
651,7624
650,7724
649,7818
648,7943
647,8036
646,8189
645,8304
644,8443
643,8553
642,8713
641,8835
640,8984
639,9079
638,9220
637,9300
636,9401
635,9486
634,9565
633,9609
632,9678
631,9677
630,9722
629,9711
628,9718
627,9708
626,9669
625,9644
624,9611
623,9568
622,9527
621,9456
620,9418
619,9341
618,9293
617,9215
616,9132
615,9080
614,9025
613,8934
612,8881
611,8799
610,8750
609,8675
608,8614
607,8545
606,8485
605,8422
604,8355
603,8286
602,8223
601,8164
600,8099
599,8022
598,7960
597,7880
596,7822
595,7747
594,7651
593,7590
592,7510
591,7435
590,7360
589,7278
588,7179
587,7105
586,6996
585,6921
584,6825
583,6734
582,6641
581,6569
580,6475
579,6409
578,6340
577,6287
576,6243
575,6197
574,6154
573,6153
572,6130
571,6118
570,6130
569,6145
568,6170
567,6180
566,6219
565,6267
564,6310
563,6352
562,6411
561,6440
560,6507
559,6536
558,6587
557,6614
556,6638
555,6677
554,6690
553,6693
552,6718
551,6692
550,6677
549,6632
548,6600
547,6557
546,6502
545,6448
544,6389
543,6322
542,6237
541,6149
540,6078
539,5995
538,5905
537,5827
536,5750
535,5677
534,5598
533,5535
532,5470
531,5415
530,5361
529,5308
528,5245
527,5219
526,5166
525,5140
524,5107
523,5106
522,5080
521,5082
520,5065
519,5073
518,5076
517,5067
516,5080
515,5075
514,5089
513,5098
512,5134
511,5154
510,5187
509,5201
508,5240
507,5256
506,5298
505,5317
504,5354
503,5386
502,5434
501,5462
500,5512
499,5559
498,5636
497,5687
496,5767
495,5820
494,5905
493,5979
492,6066
491,6128
490,6230
489,6300
488,6396
487,6477
486,6577
485,6637
484,6726
483,6789
482,6889
481,6963
480,7042
479,7103
478,7190
477,7256
476,7326
475,7365
474,7440
473,7463
472,7523
471,7555
470,7587
469,7615
468,7658
467,7702
466,7731
465,7759
464,7780
463,7803
462,7841
461,7863
460,7902
459,7919
458,7946
457,7968
456,8007
455,8028
454,8073
453,8075
452,8107
451,8125
450,8176
449,8184
448,8231
447,8249
446,8276
445,8299
444,8340
443,8341
442,8370
441,8370
440,8380
439,8374
438,8387
437,8392
436,8410
435,8443
434,8471
433,8512
432,8557
431,8631
430,8716
429,8793
428,8917
427,9038
426,9195
425,9338
424,9548
423,9742
422,10008
421,10248
420,10529
419,10769
418,11107
417,11385
416,11720
415,12008
414,12391
413,12696
412,13051
411,13308
410,13647
409,13892
408,14195
407,14385
406,14636
405,14764
404,14925
403,14977
402,15048
401,15051
400,15047
399,14964
398,14886
397,14739
396,14574
395,14410
394,14188
393,13966
392,13720
391,13475
390,13204
389,12970
388,12709
387,12482
386,12245
385,12061
384,11873
383,11733
382,11670
381,11637
380,11670
379,11720
378,11876
377,12044
376,12351
375,12611
374,13070
373,13477
372,14047
371,14513
370,15207
369,15790
368,16522
367,17125
366,17899
365,18461
364,19148
363,19676
362,20302
361,20783
360,21267
359,21593
358,21989
357,22173
356,22411
355,22478
354,22547
353,22467
352,22284
351,22045
350,21727
349,21265
348,20804
347,20261
346,19626
345,18977
344,18215
343,17473
342,16584
341,15763
340,14826
339,13980
338,13068
337,12332
336,11612
335,11010
334,10310
333,9743
332,9180
331,8755
330,8325
329,8001
328,7745
327,7538
326,7392
325,7356
324,7380
323,7437
322,7560
321,7709
320,7941
319,8151
318,8466
317,8714
316,9047
315,9315
314,9634
313,9873
312,10147
311,10341
310,10589
309,10809
308,10952
307,11040
306,11138
305,11164
304,11188
303,11160
302,11136
301,11067
300,10999
299,10880
298,10780
297,10667
296,10529
295,10399
294,10223
293,10070
292,9921
291,9770
290,9604
289,9427
288,9238
287,9081
286,8910
285,8742
284,8583
283,8428
282,8256
281,8126
280,7983
279,7903
278,7803
277,7751
276,7685
275,7629
274,7613
273,7601
272,7630
271,7652
270,7689
269,7719
268,7765
267,7804
266,7852
265,7877
264,7922
263,7945
262,7961
261,7974
260,7994
259,7988
258,8010
257,8037
256,8075
255,8121
254,8247
253,8336
252,8515
251,8694
250,8988
249,9250
248,9676
247,10045
246,10601
245,11067
244,11682
243,12195
242,12876
241,13479
240,14181
239,14716
238,15472
237,16012
236,16649
235,17112
234,17689
233,18095
232,18538
231,18843
230,19200
229,19427
228,19704
227,19786
226,19897
225,19923
224,19957
223,19888
222,19857
221,19790
220,19697
219,19540
218,19435
217,19294
216,19178
215,19024
214,18945
213,18799
212,18760
211,18691
210,18716
209,18734
208,18907
207,19070
206,19490
205,19851
204,20523
203,21084
202,22042
201,22885
200,24203
199,25260
198,26842
197,28192
196,30126
195,31651
194,33919
193,35607
192,38038
191,39854
190,42325
189,44045
188,46298
187,47936
186,50124
185,51553
184,53283
183,54325
182,55606
181,56139
180,57032
179,57567
178,58230
177,58459
176,58581
175,58502
174,58373
173,57944
172,57576
171,57023
170,56457
169,55643
168,54992
167,54395
166,53918
165,53464
164,53125
163,52756
162,52758
161,52850
160,53365
159,53820
158,54840
157,55847
156,57551
155,59240
154,61877
153,64326
152,68143
151,71405
150,76223
149,80380
148,85756
147,90522
146,97081
145,101915
144,108250
143,114072
142,121418
141,126577
140,132853
139,137913
138,144029
137,148556
136,153223
135,156063
134,159549
133,161075
132,163025
131,163719
130,164617
129,164388
128,163037
127,160051
126,157421
125,154624
124,150846
123,147279
122,142842
121,138159
120,133131
119,128524
118,123559
117,119612
116,115524
115,111871
114,108791
113,106287
112,104607
111,103472
110,103568
109,104166
108,106297
107,108728
106,113421
105,118462
104,125751
103,132788
102,143917
101,152924
100,166048
99,177368
98,194156
97,210288
96,231522
95,248781
94,272741
93,292184
92,319533
91,340304
90,368854
89,393085
88,424337
87,449658
86,483409
85,506911
84,539349
83,563155
82,596337
81,619581
80,652599
79,675202
78,704202
77,723337
76,745591
75,759356
74,779451
73,793050
72,806852
71,815068
70,825828
69,832116
68,840158
67,841813
66,846487
65,846631
64,847687
63,845139
62,842721
61,840823
60,841184
59,837739
58,837804
57,838252
56,840231
55,839608
54,844318
53,850735
52,858431
51,858320
50,876065
49,887279
48,902806
47,915350
46,937099
45,955286
44,984850
43,1006828
42,1041209
41,1073792
40,1113105
39,1149927
38,1192936
37,1228863
36,1273917
35,1309563
34,1360355
33,1399107
32,1448140
31,1486168
30,1535895
29,1572012
28,1620056
27,1660525
26,1711219
25,1743327
24,1786509
23,1820630
22,1864993
21,1896402
20,1927518
19,1949171
18,1981514
17,2002667
16,2033700
15,2054697
14,2083624
13,2099150
12,2121991
11,2136653
10,2157469
9,2163653
8,2181129
7,2186154
6,2196369
5,2199964
4,2207361
3,2200695
2,2201428
1,2188304
0,2181196
-1,2169200
-2,2153809
-3,2133701
-4,2116924
-5,2093976
-6,2065123
-7,2035536
-8,2003107
-9,1964043
-10,1925390
-11,1883357
-12,1839108
-13,1798867
-14,1752947
-15,1709438
-16,1661092
-17,1619557
-18,1573615
-19,1534919
-20,1496406
-21,1460260
-22,1424634
-23,1391111
-24,1360301
-25,1336936
-26,1317589
-27,1303206
-28,1282742
-29,1267264
-30,1256955
-31,1248262
-32,1244841
-33,1240025
-34,1238012
-35,1238567
-36,1240400
-37,1240500
-38,1240689
-39,1235756
-40,1232885
-41,1228344
-42,1222854
-43,1213781
-44,1202658
-45,1188277
-46,1171056
-47,1148833
-48,1122526
-49,1093720
-50,1060564
-51,1026797
-52,989675
-53,952161
-54,908473
-55,865586
-56,816579
-57,769459
-58,715268
-59,667789
-60,613802
-61,568451
-62,515168
-63,469528
-64,422760
-65,391437
-66,354630
-67,322330
-68,288276
-69,259442
-70,228243
-71,203639
-72,179919
-73,161175
-74,142599
-75,130174
-76,117770
-77,108503
-78,100201
-79,94790
-80,91151
-81,89538
-82,89499
-83,90512
-84,93105
-85,95944
-86,100496
-87,104717
-88,110507
-89,115659
-90,122009
-91,126863
-92,133016
-93,137574
-94,143319
-95,147739
-96,153166
-97,157011
-98,161377
-99,163850
-100,165921
-101,166963
-102,167734
-103,166844
-104,165255
-105,162921
-106,159733
-107,156257
-108,151655
-109,146685
-110,140735
-111,135286
-112,128164
-113,121526
-114,113435
-115,106339
-116,98300
-117,91413
-118,83209
-119,76449
-120,68901
-121,62942
-122,56242
-123,51251
-124,45801
-125,41647
-126,37631
-127,34936
-128,32458
-129,30712
-130,29454
-131,28849
-132,28793
-133,29149
-134,30149
-135,31154
-136,32723
-137,34016
-138,35952
-139,37858
-140,40102
-141,42144
-142,44360
-143,46060
-144,47872
-145,49132
-146,50570
-147,51582
-148,52764
-149,53229
-150,53548
-151,53718
-152,53595
-153,53120
-154,52691
-155,52182
-156,51510
-157,50645
-158,49317
-159,47803
-160,46124
-161,44431
-162,42093
-163,39695
-164,38054
-165,36114
-166,33797
-167,31593
-168,29248
-169,27334
-170,25067
-171,23291
-172,21394
-173,19808
-174,18090
-175,16745
-176,15289
-177,14274
-178,13304
-179,12583
-180,11850
-181,11402
-182,11007
-183,10762
-184,10619
-185,10621
-186,10717
-187,10810
-188,10979
-189,11123
-190,11368
-191,11537
-192,11746
-193,11913
-194,12106
-195,12193
-196,12296
-197,12336
-198,12392
-199,12403
-200,12403
-201,12304
-202,12217
-203,12103
-204,11995
-205,11695
-206,11539
-207,11326
-208,11115
-209,10887
-210,10648
-211,10413
-212,10136
-213,9875
-214,9538
-215,9252
-216,8904
-217,8614
-218,8257
-219,7959
-220,7606
-221,7329
-222,6997
-223,6742
-224,6479
-225,6275
-226,6061
-227,5896
-228,5754
-229,5669
-230,5578
-231,5524
-232,5498
-233,5480
-234,5491
-235,5510
-236,5557
-237,5594
-238,5651
-239,5701
-240,5765
-241,5803
-242,5862
-243,5885
-244,5923
-245,5970
-246,6007
-247,6023
-248,6055
-249,6064
-250,6110
-251,6128
-252,6165
-253,6184
-254,6218
-255,6256
-256,6293
-257,6321
-258,6352
-259,6377
-260,6399
-261,6421
-262,6417
-263,6419
-264,6414
-265,6409
-266,6406
-267,6404
-268,6392
-269,6375
-270,6368
-271,6366
-272,6371
-273,6384
-274,6420
-275,6459
-276,6518
-277,6574
-278,6678
-279,6762
-280,6897
-281,7005
-282,7180
-283,7319
-284,7511
-285,7665
-286,7855
-287,8026
-288,8225
-289,8388
-290,8602
-291,8733
-292,8906
-293,9029
-294,9184
-295,9317
-296,9395
-297,9472
-298,9556
-299,9567
-300,9597
-301,9555
-302,9557
-303,9514
-304,9455
-305,9360
-306,9273
-307,9148
-308,9030
-309,8895
-310,8747
-311,8597
-312,8406
-313,8252
-314,8063
-315,7894
-316,7682
-317,7518
-318,7328
-319,7173
-320,7023
-321,6881
-322,6757
-323,6668
-324,6615
-325,6558
-326,6541
-327,6554
-328,6602
-329,6669
-330,6793
-331,6906
-332,7056
-333,7213
-334,7430
-335,7591
-336,7824
-337,8032
-338,8312
-339,8519
-340,8811
-341,9015
-342,9282
-343,9502
-344,9725
-345,9898
-346,10100
-347,10247
-348,10410
-349,10506
-350,10590
-351,10640
-352,10686
-353,10701
-354,10737
-355,10717
-356,10706
-357,10647
-358,10563
-359,10445
-360,10312
-361,10177
-362,10008
-363,9839
-364,9642
-365,9461
-366,9269
-367,9074
-368,8875
-369,8687
-370,8470
-371,8311
-372,8125
-373,7975
-374,7831
-375,7706
-376,7571
-377,7503
-378,7443
-379,7405
-380,7361
-381,7342
-382,7332
-383,7349
-384,7374
-385,7405
-386,7446
-387,7482
-388,7537
-389,7578
-390,7625
-391,7652
-392,7705
-393,7707
-394,7755
-395,7747
-396,7767
-397,7759
-398,7748
-399,7734
-400,7716
-401,7678
-402,7644
-403,7617
-404,7565
-405,7505
-406,7468
-407,7407
-408,7353
-409,7301
-410,7253
-411,7183
-412,7138
-413,7088
-414,7022
-415,6974
-416,6910
-417,6862
-418,6807
-419,6758
-420,6732
-421,6681
-422,6637
-423,6608
-424,6577
-425,6541
-426,6503
-427,6486
-428,6451
-429,6429
-430,6410
-431,6420
-432,6429
-433,6430
-434,6428
-435,6395
-436,6386
-437,6365
-438,6368
-439,6335
-440,6320
-441,6284
-442,6260
-443,6215
-444,6194
-445,6140
-446,6109
-447,6073
-448,6048
-449,6000
-450,5970
-451,5932
-452,5896
-453,5862
-454,5831
-455,5797
-456,5775
-457,5763
-458,5731
-459,5713
-460,5687
-461,5673
-462,5650
-463,5628
-464,5614
-465,5597
-466,5567
-467,5542
-468,5527
-469,5485
-470,5462
-471,5413
-472,5380
-473,5357
-474,5341
-475,5299
-476,5276
-477,5249
-478,5222
-479,5193
-480,5177
-481,5157
-482,5141
-483,5124
-484,5122
-485,5117
-486,5119
-487,5111
-488,5090
-489,5097
-490,5093
-491,5094
-492,5096
-493,5091
-494,5104
-495,5103
-496,5118
-497,5112
-498,5100
-499,5111
-500,5110
-501,5117
-502,5115
-503,5113
-504,5121
-505,5117
-506,5128
-507,5135
-508,5129
-509,5125
-510,5131
-511,5135
-512,5130
-513,5126
-514,5113
-515,5108
-516,5094
-517,5080
-518,5084
-519,5066
-520,5049
-521,5043
-522,5028
-523,5017
-524,4999
-525,4994
-526,4990
-527,4966
-528,4963
-529,4941
-530,4933
-531,4934
-532,4937
-533,4927
-534,4922
-535,4910
-536,4914
-537,4927
-538,4897
-539,4906
-540,4887
-541,4891
-542,4874
-543,4872
-544,4876
-545,4862
-546,4848
-547,4837
-548,4851
-549,4832
-550,4808
-551,4818
-552,4815
-553,4809
-554,4829
-555,4821
-556,4841
-557,4853
-558,4867
-559,4885
-560,4894
-561,4917
-562,4945
-563,4948
-564,4977
-565,5009
-566,5020
-567,5050
-568,5066
-569,5080
-570,5114
-571,5137
-572,5153
-573,5151
-574,5198
-575,5207
-576,5232
-577,5223
-578,5249
-579,5248
-580,5256
-581,5273
-582,5265
-583,5271
-584,5274
-585,5271
-586,5266
-587,5259
-588,5254
-589,5243
-590,5221
-591,5211
-592,5207
-593,5198
-594,5174
-595,5163
-596,5159
-597,5143
-598,5127
-599,5106
-600,5101
-601,5083
-602,5053
-603,5059
-604,5050
-605,5055
-606,5046
-607,5040
-608,5039
-609,5033
-610,5023
-611,5030
-612,5026
-613,4999
-614,5012
-615,5002
-616,5006
-617,5007
-618,5018
-619,4996
-620,4993
-621,4993
-622,4997
-623,4986
-624,4983
-625,4989
-626,4991
-627,4990
-628,4979
-629,4978
-630,4982
-631,4975
-632,4976
-633,4975
-634,4975
-635,4984
-636,4978
-637,4972
-638,4966
-639,4962
-640,4964
-641,4964
-642,4956
-643,4946
-644,4940
-645,4956
-646,4933
-647,4933
-648,4930
-649,4924
-650,4921
-651,4918
-652,4924
-653,4914
-654,4916
-655,4907
-656,4911
-657,4914
-658,4907
-659,4907
-660,4909
-661,4896
-662,4901
-663,4888
-664,4880
-665,4890
-666,4888
-667,4880
-668,4873
-669,4873
-670,4866
-671,4873
-672,4871
-673,4869
-674,4874
-675,4891
-676,4889
-677,4897
-678,4899
-679,4905
-680,4912
-681,4919
-682,4926
-683,4935
-684,4935
-685,4937
-686,4940
-687,4957
-688,4957
-689,4958
-690,4952
-691,4948
-692,4940
-693,4935
-694,4936
-695,4934
-696,4919
-697,4906
-698,4895
-699,4887
-700,4869
-701,4856
-702,4846
-703,4830
-704,4805
-705,4786
-706,4785
-707,4770
-708,4752
-709,4730
-710,4711
-711,4706
-712,4686
-713,4670
-714,4655
-715,4630
-716,4625
-717,4617
-718,4616
-719,4602
-720,4608
-721,4600
-722,4603
-723,4578
-724,4603
-725,4588
-726,4596
-727,4606
-728,4604
-729,4619
-730,4639
-731,4658
-732,4659
-733,4685
-734,4714
-735,4707
-736,4721
-737,4737
-738,4759
-739,4784
-740,4781
-741,4787
-742,4804
-743,4819
-744,4840
-745,4831
-746,4832
-747,4841
-748,4852
-749,4851
-750,4854
-751,4856
-752,4850
-753,4858
-754,4838
-755,4839
-756,4832
-757,4824
-758,4823
-759,4820
-760,4790
-761,4797
-762,4780
-763,4769
-764,4780
-765,4754
-766,4742
-767,4724
-768,4716
-769,4701
-770,4696
-771,4686
-772,4680
-773,4657
-774,4675
-775,4644
-776,4645
-777,4650
-778,4638
-779,4630
-780,4629
-781,4620
-782,4625
-783,4630
-784,4619
-785,4623
-786,4611
-787,4627
-788,4623
-789,4630
-790,4623
-791,4629
-792,4626
-793,4637
-794,4630
-795,4654
-796,4657
-797,4652
-798,4647
-799,4654
-800,4659
-801,4669
-802,4676
-803,4680
-804,4688
-805,4675
-806,4690
-807,4701
-808,4697
-809,4717
-810,4718
-811,4720
-812,4723
-813,4735
-814,4736
-815,4725
-816,4734
-817,4736
-818,4737
-819,4738
-820,4745
-821,4753
-822,4744
-823,4751
-824,4753
-825,4750
-826,4733
-827,4741
-828,4737
-829,4747
-830,4725
-831,4732
-832,4717
-833,4716
-834,4711
-835,4706
-836,4714
-837,4703
-838,4704
-839,4680
-840,4684
-841,4665
-842,4676
-843,4671
-844,4649
-845,4646
-846,4646
-847,4647
-848,4630
-849,4627
-850,4620
-851,4618
-852,4605
-853,4617
-854,4610
-855,4616
-856,4603
-857,4611
-858,4612
-859,4614
-860,4613
-861,4606
-862,4612
-863,4615
-864,4637
-865,4626
-866,4636
-867,4626
-868,4641
-869,4651
-870,4652
-871,4651
-872,4659
-873,4652
-874,4665
-875,4672
-876,4670
-877,4673
-878,4675
-879,4677
-880,4680
-881,4687
-882,4685
-883,4688
-884,4688
-885,4696
-886,4701
-887,4689
-888,4698
-889,4701
-890,4694
-891,4693
-892,4689
-893,4688
-894,4686
-895,4659
-896,4681
-897,4656
-898,4670
-899,4662
-900,4650
-901,4653
-902,4649
-903,4645
-904,4646
-905,4655
-906,4643
-907,4636
-908,4641
-909,4633
-910,4616
-911,4614
-912,4613
-913,4620
-914,4604
-915,4601
-916,4603
-917,4600
-918,4591
-919,4585
-920,4587
-921,4574
-922,4591
-923,4572
-924,4561
-925,4556
-926,4552
-927,4547
-928,4547
-929,4549
-930,4540
-931,4546
-932,4543
-933,4535
-934,4531
-935,4536
-936,4532
-937,4534
-938,4523
-939,4536
-940,4535
-941,4532
-942,4529
-943,4526
-944,4540
-945,4543
-946,4545
-947,4540
-948,4539
-949,4530
-950,4531
-951,4540
-952,4547
-953,4547
-954,4538
-955,4543
-956,4559
-957,4546
-958,4546
-959,4543
-960,4548
-961,4547
-962,4541
-963,4544
-964,4545
-965,4549
-966,4550
-967,4540
-968,4546
-969,4540
-970,4537
-971,4537
-972,4527
-973,4522
-974,4528
-975,4530
-976,4515
-977,4510
-978,4507
-979,4510
-980,4510
-981,4501
-982,4504
-983,4492
-984,4502
-985,4489
-986,4483
-987,4486
-988,4481
-989,4478
-990,4487
-991,4472
-992,4474
-993,4467
-994,4478
-995,4455
-996,4467
-997,4469
-998,4444
-999,4461
-1000,4451
-1001,4441
-1002,4450
-1003,4441
-1004,4442
-1005,4442
-1006,4426
-1007,4440
-1008,4446
-1009,4438
-1010,4451
-1011,4442
-1012,4440
-1013,4442
-1014,4440
-1015,4445
-1016,4442
-1017,4439
-1018,4446
-1019,4444
-1020,4429
-1021,4450
-1022,4445
-1023,4443
-1024,4440
-1025,4435
-1026,4443
-1027,4443
-1028,4430
-1029,4456
-1030,4437
-1031,4428
-1032,4430
-1033,4427
-1034,4431
-1035,4424
-1036,4418
-1037,4426
-1038,4434
-1039,4434
-1040,4425
-1041,4420
-1042,4432
-1043,4437
-1044,4413
-1045,4424
-1046,4435
-1047,4439
-1048,4436
-1049,4433
-1050,4450
-1051,4439
-1052,4433
-1053,4436
-1054,4433
-1055,4445
-1056,4441
-1057,4452
-1058,4444
-1059,4452
-1060,4445
-1061,4451
-1062,4447
-1063,4466
-1064,4460
-1065,4441
-1066,4461
-1067,4466
-1068,4457
-1069,4469
-1070,4465
-1071,4475
-1072,4466
-1073,4461
-1074,4467
-1075,4463
-1076,4469
-1077,4477
-1078,4482
-1079,4467
-1080,4491
-1081,4484
-1082,4482
-1083,4469
-1084,4475
-1085,4485
-1086,4478
-1087,4480
-1088,4469
-1089,4478
-1090,4483
-1091,4476
-1092,4485
-1093,4478
-1094,4483
-1095,4482
-1096,4480
-1097,4481
-1098,4475
-1099,4473
-1100,4480
-1101,4472
-1102,4468
-1103,4478
-1104,4471
-1105,4479
-1106,4473
-1107,4478
-1108,4470
-1109,4470
-1110,4459
-1111,4457
-1112,4467
-1113,4453
-1114,4473
-1115,4460
-1116,4454
-1117,4448
-1118,4475
-1119,4455
-1120,4454
-1121,4460
-1122,4449
-1123,4456
-1124,4444
-1125,4458
-1126,4446
-1127,4448
-1128,4452
-1129,4451
-1130,4447
-1131,4458
-1132,4458
-1133,4450
-1134,4455
-1135,4469
-1136,4464
-1137,4475
-1138,4472
-1139,4476
-1140,4486
-1141,4486
-1142,4490
-1143,4490
-1144,4500
-1145,4504
-1146,4515
-1147,4495
-1148,4514
-1149,4516
-1150,4515
-1151,4508
-1152,4526
-1153,4543
-1154,4543
-1155,4543
-1156,4541
-1157,4541
-1158,4540
-1159,4527
-1160,4545
-1161,4540
-1162,4537
-1163,4539
-1164,4551
-1165,4534
-1166,4524
-1167,4526
-1168,4535
-1169,4542
-1170,4537
-1171,4533
-1172,4531
-1173,4538
-1174,4534
-1175,4531
-1176,4529
-1177,4518
-1178,4518
-1179,4516
-1180,4508
-1181,4506
-1182,4514
-1183,4500
-1184,4492
-1185,4513
-1186,4512
-1187,4499
-1188,4501
-1189,4498
-1190,4499
-1191,4501
-1192,4487
-1193,4485
-1194,4486
-1195,4486
-1196,4486
-1197,4484
-1198,4467
-1199,4463
-1200,4463
-1201,4461
-1202,4456
-1203,4449
-1204,4451
-1205,4450
-1206,4441
-1207,4440
-1208,4452
-1209,4445
-1210,4447
-1211,4436
-1212,4432
-1213,4433
-1214,4432
-1215,4437
-1216,4418
-1217,4416
-1218,4413
-1219,4418
-1220,4428
-1221,4416
-1222,4409
-1223,4429
-1224,4420
-1225,4423
-1226,4413
-1227,4421
-1228,4419
-1229,4415
-1230,4422
-1231,4420
-1232,4435
-1233,4410
-1234,4429
-1235,4415
-1236,4424
-1237,4402
-1238,4407
-1239,4422
-1240,4424
-1241,4413
-1242,4425
-1243,4405
-1244,4416
-1245,4407
-1246,4411
-1247,4418
-1248,4424
-1249,4424
-1250,4425
-1251,4417
-1252,4410
-1253,4414
-1254,4416
-1255,4415
-1256,4418
-1257,4413
-1258,4417
-1259,4422
-1260,4423
-1261,4411
-1262,4407
-1263,4420
-1264,4409
-1265,4411
-1266,4390
-1267,4413
-1268,4412
-1269,4402
-1270,4404
-1271,4411
-1272,4409
-1273,4403
-1274,4396
-1275,4409
-1276,4405
-1277,4397
-1278,4408
-1279,4397
-1280,4399
-1281,4392
-1282,4390
-1283,4397
-1284,4395
-1285,4389
-1286,4393
-1287,4398
-1288,4388
-1289,4386
-1290,4393
-1291,4384
-1292,4376
-1293,4392
-1294,4380
-1295,4375
-1296,4376
-1297,4382
-1298,4379
-1299,4378
-1300,4376
-1301,4376
-1302,4371
-1303,4376
-1304,4371
-1305,4367
-1306,4368
-1307,4365
-1308,4371
-1309,4376
-1310,4370
-1311,4364
-1312,4370
-1313,4366
-1314,4371
-1315,4369
-1316,4361
-1317,4359
-1318,4357
-1319,4359
-1320,4351
-1321,4361
-1322,4363
-1323,4360
-1324,4357
-1325,4361
-1326,4358
-1327,4358
-1328,4368
-1329,4362
-1330,4366
-1331,4358
-1332,4366
-1333,4362
-1334,4349
-1335,4342
-1336,4362
-1337,4355
-1338,4358
-1339,4352
-1340,4355
-1341,4358
-1342,4342
-1343,4348
-1344,4350
-1345,4348
-1346,4366
-1347,4354
-1348,4368
-1349,4352
-1350,4364
-1351,4364
-1352,4358
-1353,4370
-1354,4372
-1355,4367
-1356,4370
-1357,4362
-1358,4366
-1359,4370
-1360,4381
-1361,4376
-1362,4371
-1363,4367
-1364,4368
-1365,4379
-1366,4370
-1367,4381
-1368,4367
-1369,4363
-1370,4368
-1371,4378
-1372,4352
-1373,4360
-1374,4359
-1375,4361
-1376,4367
-1377,4359
-1378,4370
-1379,4358
-1380,4369
-1381,4357
-1382,4368
-1383,4364
-1384,4359
-1385,4355
-1386,4344
-1387,4360
-1388,4364
-1389,4359
-1390,4362
-1391,4354
-1392,4349
-1393,4361
-1394,4339
-1395,4349
-1396,4350
-1397,4353
-1398,4352
-1399,4345
-1400,4353
-1401,4358
-1402,4353
-1403,4347
-1404,4352
-1405,4348
-1406,4347
-1407,4341
-1408,4351
-1409,4342
-1410,4348
-1411,4349
-1412,4352
-1413,4341
-1414,4341
-1415,4341
-1416,4330
-1417,4337
-1418,4332
-1419,4346
-1420,4335
-1421,4338
-1422,4320
-1423,4337
-1424,4337
-1425,4338
-1426,4333
-1427,4326
-1428,4326
-1429,4332
-1430,4321
-1431,4321
-1432,4328
-1433,4338
-1434,4331
-1435,4333
-1436,4328
-1437,4333
-1438,4332
-1439,4338
-1440,4327
-1441,4326
-1442,4333
-1443,4329
-1444,4333
-1445,4334
-1446,4327
-1447,4338
-1448,4332
-1449,4337
-1450,4334
-1451,4331
-1452,4332
-1453,4330
-1454,4333
-1455,4327
-1456,4325
-1457,4322
-1458,4327
-1459,4332
-1460,4343
-1461,4335
-1462,4338
-1463,4334
-1464,4335
-1465,4329
-1466,4338
-1467,4330
-1468,4327
-1469,4316
-1470,4326
-1471,4331
-1472,4323
-1473,4333
-1474,4356
-1475,4364
-1476,4334
-1477,4335
-1478,4336
-1479,4324
-1480,4329
-1481,4321
-1482,4328
-1483,4335
-1484,4317
-1485,4336
-1486,4325
-1487,4322
-1488,4327
-1489,4331
-1490,4325
-1491,4331
-1492,4328
-1493,4308
-1494,4327
-1495,4324
-1496,4333
-1497,4328
-1498,4318
-1499,4319
-1500,4336
-1501,4323
-1502,4328
-1503,4327
-1504,4330
-1505,4326
-1506,4334
-1507,4319
-1508,4325
-1509,4334
-1510,4330
-1511,4325
-1512,4328
-1513,4334
-1514,4331
-1515,4334
-1516,4338
-1517,4328
-1518,4332
-1519,4338
-1520,4332
-1521,4329
-1522,4327
-1523,4337
-1524,4331
-1525,4346
-1526,4344
-1527,4333
-1528,4336
-1529,4342
-1530,4341
-1531,4340
-1532,4336
-1533,4337
-1534,4340
-1535,4339
-1536,4334
-1537,4336
-1538,4336
-1539,4335
-1540,4341
-1541,4336
-1542,4331
-1543,4336
-1544,4331
-1545,4329
-1546,4329
-1547,4334
-1548,4337
-1549,4343
-1550,4336
-1551,4326
-1552,4331
-1553,4332
-1554,4337
-1555,4341
-1556,4325
-1557,4331
-1558,4321
-1559,4331
-1560,4333
-1561,4324
-1562,4325
-1563,4314
-1564,4326
-1565,4332
-1566,4326
-1567,4344
-1568,4339
-1569,4336
-1570,4332
-1571,4325
-1572,4331
-1573,4338
-1574,4325
-1575,4319
-1576,4320
-1577,4326
-1578,4318
-1579,4334
-1580,4335
-1581,4326
-1582,4338
-1583,4339
-1584,4332
-1585,4336
-1586,4334
-1587,4349
-1588,4346
-1589,4336
-1590,4331
-1591,4341
-1592,4338
-1593,4348
-1594,4343
-1595,4340
-1596,4335
-1597,4328
-1598,4330
-1599,4325
-1600,4347
-1601,4334
-1602,4343
-1603,4338
-1604,4350
-1605,4340
-1606,4344
-1607,4344
-1608,4352
-1609,4339
-1610,4349
-1611,4342
-1612,4358
-1613,4354
-1614,4361
-1615,4359
-1616,4352
-1617,4356
-1618,4358
-1619,4342
-1620,4351
-1621,4341
-1622,4362
-1623,4352
-1624,4356
-1625,4355
-1626,4354
-1627,4361
-1628,4362
-1629,4361
-1630,4356
-1631,4356
-1632,4358
-1633,4358
-1634,4357
-1635,4360
-1636,4355
-1637,4349
-1638,4352
-1639,4353
-1640,4349
-1641,4353
-1642,4353
-1643,4357
-1644,4350
-1645,4363
-1646,4356
-1647,4352
-1648,4354
-1649,4340
-1650,4355
-1651,4350
-1652,4351
-1653,4353
-1654,4343
-1655,4359
-1656,4358
-1657,4347
-1658,4345
-1659,4351
-1660,4347
-1661,4349
-1662,4350
-1663,4342
-1664,4330
-1665,4339
-1666,4334
-1667,4334
-1668,4345
-1669,4348
-1670,4335
-1671,4341
-1672,4351
-1673,4348
-1674,4351
-1675,4328
-1676,4346
-1677,4345
-1678,4333
-1679,4349
-1680,4335
-1681,4341
-1682,4342
-1683,4329
-1684,4351
-1685,4338
-1686,4334
-1687,4326
-1688,4334
-1689,4339
-1690,4327
-1691,4326
-1692,4325
-1693,4352
-1694,4336
-1695,4331
-1696,4339
-1697,4341
-1698,4346
-1699,4334
-1700,4331
-1701,4330
-1702,4331
-1703,4326
-1704,4338
-1705,4327
-1706,4332
-1707,4326
-1708,4331
-1709,4332
-1710,4341
-1711,4336
-1712,4337
-1713,4338
-1714,4328
-1715,4326
-1716,4324
-1717,4334
-1718,4333
-1719,4329
-1720,4332
-1721,4329
-1722,4346
-1723,4328
-1724,4332
-1725,4320
-1726,4331
-1727,4326
-1728,4331
-1729,4340
-1730,4331
-1731,4332
-1732,4339
-1733,4333
-1734,4332
-1735,4327
-1736,4328
-1737,4329
-1738,4331
-1739,4340
-1740,4336
-1741,4326
-1742,4335
-1743,4329
-1744,4328
-1745,4321
-1746,4325
-1747,4318
-1748,4320
-1749,4330
-1750,4327
-1751,4331
-1752,4320
-1753,4314
-1754,4328
-1755,4322
-1756,4322
-1757,4318
-1758,4319
-1759,4321
-1760,4327
-1761,4336
-1762,4327
-1763,4321
-1764,4326
-1765,4319
-1766,4324
-1767,4323
-1768,4323
-1769,4322
-1770,4326
-1771,4315
-1772,4318
-1773,4302
-1774,4311
-1775,4316
-1776,4313
-1777,4313
-1778,4320
-1779,4315
-1780,4310
-1781,4308
-1782,4311
-1783,4315
-1784,4312
-1785,4313
-1786,4315
-1787,4317
-1788,4311
-1789,4316
-1790,4322
-1791,4310
-1792,4318
-1793,4316
-1794,4313
-1795,4322
-1796,4305
-1797,4316
-1798,4310
-1799,4312
-1800,4307
-1801,4309
-1802,4310
-1803,4315
-1804,4306
-1805,4311
-1806,4300
-1807,4308
-1808,4308
-1809,4301
-1810,4303
-1811,4319
-1812,4315
-1813,4315
-1814,4316
-1815,4294
-1816,4316
-1817,4305
-1818,4308
-1819,4310
-1820,4323
-1821,4309
-1822,4307
-1823,4315
-1824,4319
-1825,4315
-1826,4311
-1827,4311
-1828,4313
-1829,4310
-1830,4318
-1831,4300
-1832,4311
-1833,4317
-1834,4311
-1835,4316
-1836,4312
-1837,4309
-1838,4310
-1839,4309
-1840,4316
-1841,4308
-1842,4299
-1843,4313
-1844,4320
-1845,4312
-1846,4318
-1847,4316
-1848,4315
-1849,4328
-1850,4313
-1851,4327
-1852,4308
-1853,4309
-1854,4311
-1855,4315
-1856,4310
-1857,4319
-1858,4323
-1859,4310
-1860,4316
-1861,4318
-1862,4318
-1863,4320
-1864,4320
-1865,4317
-1866,4314
-1867,4320
-1868,4324
-1869,4327
-1870,4306
-1871,4321
-1872,4322
-1873,4329
-1874,4311
-1875,4306
-1876,4320
-1877,4311
-1878,4314
-1879,4312
-1880,4323
-1881,4314
-1882,4314
-1883,4298
-1884,4326
-1885,4330
-1886,4310
-1887,4319
-1888,4320
-1889,4316
-1890,4322
-1891,4315
-1892,4313
-1893,4315
-1894,4326
-1895,4313
-1896,4326
-1897,4319
-1898,4316
-1899,4318
-1900,4328
-1901,4324
-1902,4316
-1903,4316
-1904,4317
-1905,4312
-1906,4313
-1907,4316
-1908,4317
-1909,4315
-1910,4330
-1911,4322
-1912,4327
-1913,4323
-1914,4326
-1915,4334
-1916,4317
-1917,4333
-1918,4310
-1919,4325
-1920,4316
-1921,4318
-1922,4320
-1923,4325
-1924,4329
-1925,4313
-1926,4315
-1927,4314
-1928,4316
-1929,4317
-1930,4315
-1931,4314
-1932,4314
-1933,4317
-1934,4333
-1935,4324
-1936,4317
-1937,4319
-1938,4317
-1939,4320
-1940,4323
-1941,4311
-1942,4307
-1943,4309
-1944,4306
-1945,4306
-1946,4302
-1947,4305
-1948,4305
-1949,4311
-1950,4296
-1951,4302
-1952,4299
-1953,4304
-1954,4313
-1955,4305
-1956,4305
-1957,4314
-1958,4316
-1959,4302
-1960,4309
-1961,4317
-1962,4304
-1963,4319
-1964,4307
-1965,4313
-1966,4309
-1967,4314
-1968,4294
-1969,4311
-1970,4300
-1971,4320
-1972,4304
-1973,4309
-1974,4298
-1975,4300
-1976,4313
-1977,4315
-1978,4301
-1979,4317
-1980,4311
-1981,4320
-1982,4306
-1983,4311
-1984,4313
-1985,4317
-1986,4326
-1987,4313
-1988,4308
-1989,4316
-1990,4308
-1991,4311
-1992,4299
-1993,4317
-1994,4307
-1995,4308
-1996,4321
-1997,4311
-1998,4310
-1999,4312
-2000,4308
-2001,4311
-2002,4304
