3000,4336
2999,4323
2998,4329
2997,4321
2996,4325
2995,4335
2994,4331
2993,4326
2992,4328
2991,4325
2990,4323
2989,4331
2988,4330
2987,4332
2986,4331
2985,4331
2984,4332
2983,4322
2982,4353
2981,4327
2980,4325
2979,4329
2978,4328
2977,4339
2976,4332
2975,4338
2974,4329
2973,4338
2972,4337
2971,4331
2970,4334
2969,4342
2968,4338
2967,4337
2966,4338
2965,4347
2964,4340
2963,4337
2962,4341
2961,4338
2960,4333
2959,4339
2958,4361
2957,4343
2956,4333
2955,4350
2954,4344
2953,4344
2952,4338
2951,4341
2950,4346
2949,4350
2948,4342
2947,4343
2946,4341
2945,4343
2944,4332
2943,4338
2942,4342
2941,4331
2940,4336
2939,4340
2938,4338
2937,4344
2936,4331
2935,4336
2934,4337
2933,4338
2932,4332
2931,4338
2930,4332
2929,4334
2928,4344
2927,4338
2926,4341
2925,4346
2924,4353
2923,4337
2922,4335
2921,4351
2920,4330
2919,4342
2918,4341
2917,4345
2916,4348
2915,4343
2914,4341
2913,4350
2912,4351
2911,4345
2910,4347
2909,4342
2908,4344
2907,4347
2906,4351
2905,4341
2904,4338
2903,4348
2902,4354
2901,4361
2900,4349
2899,4346
2898,4345
2897,4347
2896,4342
2895,4330
2894,4351
2893,4349
2892,4354
2891,4343
2890,4337
2889,4353
2888,4353
2887,4347
2886,4358
2885,4353
2884,4348
2883,4364
2882,4344
2881,4359
2880,4351
2879,4348
2878,4342
2877,4360
2876,4347
2875,4347
2874,4363
2873,4345
2872,4351
2871,4353
2870,4355
2869,4350
2868,4348
2867,4341
2866,4343
2865,4348
2864,4348
2863,4345
2862,4344
2861,4353
2860,4352
2859,4346
2858,4342
2857,4337
2856,4340
2855,4339
2854,4341
2853,4337
2852,4335
2851,4335
2850,4331
2849,4335
2848,4324
2847,4346
2846,4335
2845,4341
2844,4325
2843,4340
2842,4332
2841,4334
2840,4327
2839,4328
2838,4341
2837,4332
2836,4321
2835,4333
2834,4330
2833,4335
2832,4331
2831,4332
2830,4327
2829,4330
2828,4323
2827,4316
2826,4336
2825,4326
2824,4334
2823,4326
2822,4328
2821,4331
2820,4319
2819,4327
2818,4339
2817,4335
2816,4324
2815,4344
2814,4334
2813,4333
2812,4340
2811,4328
2810,4341
2809,4350
2808,4323
2807,4342
2806,4343
2805,4339
2804,4336
2803,4343
2802,4340
2801,4339
2800,4338
2799,4339
2798,4347
2797,4332
2796,4330
2795,4339
2794,4348
2793,4338
2792,4339
2791,4329
2790,4342
2789,4341
2788,4352
2787,4347
2786,4339
2785,4341
2784,4329
2783,4330
2782,4328
2781,4339
2780,4345
2779,4320
2778,4335
2777,4328
2776,4342
2775,4336
2774,4338
2773,4347
2772,4334
2771,4337
2770,4339
2769,4339
2768,4343
2767,4336
2766,4329
2765,4338
2764,4341
2763,4340
2762,4340
2761,4338
2760,4334
2759,4333
2758,4340
2757,4337
2756,4340
2755,4328
2754,4336
2753,4343
2752,4335
2751,4334
2750,4340
2749,4340
2748,4339
2747,4328
2746,4329
2745,4332
2744,4335
2743,4341
2742,4345
2741,4332
2740,4341
2739,4338
2738,4346
2737,4336
2736,4339
2735,4335
2734,4339
2733,4344
2732,4328
2731,4336
2730,4332
2729,4334
2728,4331
2727,4339
2726,4342
2725,4338
2724,4346
2723,4339
2722,4340
2721,4345
2720,4334
2719,4335
2718,4332
2717,4339
2716,4349
2715,4351
2714,4351
2713,4337
2712,4345
2711,4343
2710,4332
2709,4340
2708,4330
2707,4349
2706,4339
2705,4346
2704,4351
2703,4337
2702,4341
2701,4342
2700,4345
2699,4348
2698,4349
2697,4339
2696,4338
2695,4347
2694,4345
2693,4343
2692,4342
2691,4349
2690,4341
2689,4352
2688,4345
2687,4345
2686,4357
2685,4345
2684,4344
2683,4349
2682,4352
2681,4357
2680,4345
2679,4363
2678,4347
2677,4344
2676,4350
2675,4360
2674,4348
2673,4354
2672,4362
2671,4358
2670,4365
2669,4348
2668,4354
2667,4366
2666,4359
2665,4363
2664,4354
2663,4360
2662,4363
2661,4352
2660,4356
2659,4360
2658,4359
2657,4369
2656,4375
2655,4370
2654,4360
2653,4363
2652,4355
2651,4373
2650,4359
2649,4369
2648,4368
2647,4371
2646,4367
2645,4366
2644,4369
2643,4378
2642,4367
2641,4361
2640,4363
2639,4363
2638,4356
2637,4366
2636,4371
2635,4362
2634,4359
2633,4373
2632,4364
2631,4357
2630,4351
2629,4364
2628,4364
2627,4368
2626,4364
2625,4369
2624,4355
2623,4351
2622,4356
2621,4361
2620,4354
2619,4348
2618,4352
2617,4363
2616,4368
2615,4364
2614,4358
2613,4356
2612,4371
2611,4361
2610,4372
2609,4372
2608,4363
2607,4365
2606,4371
2605,4369
2604,4370
2603,4368
2602,4353
2601,4367
2600,4372
2599,4373
2598,4373
2597,4369
2596,4362
2595,4366
2594,4372
2593,4361
2592,4358
2591,4362
2590,4376
2589,4368
2588,4358
2587,4355
2586,4377
2585,4376
2584,4374
2583,4364
2582,4361
2581,4369
2580,4374
2579,4366
2578,4384
2577,4366
2576,4369
2575,4371
2574,4375
2573,4375
2572,4372
2571,4374
2570,4371
2569,4370
2568,4374
2567,4363
2566,4371
2565,4377
2564,4385
2563,4372
2562,4387
2561,4372
2560,4370
2559,4376
2558,4376
2557,4375
2556,4382
2555,4380
2554,4380
2553,4388
2552,4379
2551,4378
2550,4383
2549,4392
2548,4373
2547,4385
2546,4384
2545,4390
2544,4374
2543,4373
2542,4387
2541,4397
2540,4383
2539,4393
2538,4391
2537,4386
2536,4396
2535,4385
2534,4394
2533,4392
2532,4389
2531,4396
2530,4392
2529,4405
2528,4386
2527,4397
2526,4390
2525,4398
2524,4406
2523,4392
2522,4399
2521,4408
2520,4406
2519,4401
2518,4415
2517,4400
2516,4400
2515,4401
2514,4396
2513,4401
2512,4413
2511,4401
2510,4397
2509,4409
2508,4410
2507,4402
2506,4414
2505,4414
2504,4428
2503,4415
2502,4421
2501,4409
2500,4425
2499,4422
2498,4419
2497,4424
2496,4414
2495,4420
2494,4423
2493,4428
2492,4431
2491,4430
2490,4417
2489,4420
2488,4426
2487,4428
2486,4435
2485,4416
2484,4429
2483,4427
2482,4423
2481,4419
2480,4428
2479,4427
2478,4427
2477,4411
2476,4420
2475,4419
2474,4422
2473,4432
2472,4437
2471,4434
2470,4446
2469,4437
2468,4438
2467,4449
2466,4444
2465,4447
2464,4445
2463,4453
2462,4458
2461,4443
2460,4463
2459,4460
2458,4465
2457,4474
2456,4470
2455,4468
2454,4474
2453,4476
2452,4481
2451,4466
2450,4466
2449,4461
2448,4462
2447,4477
2446,4467
2445,4474
2444,4471
2443,4453
2442,4481
2441,4472
2440,4478
2439,4484
2438,4476
2437,4484
2436,4480
2435,4484
2434,4479
2433,4482
2432,4481
2431,4469
2430,4489
2429,4480
2428,4484
2427,4483
2426,4486
2425,4491
2424,4486
2423,4479
2422,4494
2421,4500
2420,4488
2419,4487
2418,4488
2417,4487
2416,4491
2415,4486
2414,4494
2413,4497
2412,4494
2411,4492
2410,4506
2409,4493
2408,4493
2407,4509
2406,4509
2405,4509
2404,4508
2403,4504
2402,4514
2401,4513
2400,4513
2399,4513
2398,4509
2397,4524
2396,4522
2395,4516
2394,4512
2393,4530
2392,4518
2391,4525
2390,4531
2389,4530
2388,4528
2387,4530
2386,4523
2385,4522
2384,4536
2383,4525
2382,4537
2381,4526
2380,4532
2379,4526
2378,4537
2377,4536
2376,4538
2375,4518
2374,4518
2373,4522
2372,4521
2371,4529
2370,4537
2369,4529
2368,4513
2367,4527
2366,4520
2365,4529
2364,4529
2363,4525
2362,4525
2361,4517
2360,4517
2359,4517
2358,4521
2357,4517
2356,4533
2355,4524
2354,4519
2353,4519
2352,4509
2351,4517
2350,4525
2349,4511
2348,4525
2347,4525
2346,4515
2345,4521
2344,4515
2343,4520
2342,4517
2341,4512
2340,4508
2339,4513
2338,4513
2337,4523
2336,4519
2335,4505
2334,4513
2333,4501
2332,4510
2331,4502
2330,4503
2329,4498
2328,4510
2327,4515
2326,4504
2325,4499
2324,4505
2323,4498
2322,4504
2321,4501
2320,4496
2319,4501
2318,4510
2317,4495
2316,4501
2315,4504
2314,4496
2313,4490
2312,4479
2311,4501
2310,4491
2309,4496
2308,4487
2307,4494
2306,4499
2305,4484
2304,4491
2303,4499
2302,4501
2301,4496
2300,4492
2299,4499
2298,4498
2297,4495
2296,4486
2295,4494
2294,4490
2293,4497
2292,4490
2291,4492
2290,4479
2289,4486
2288,4499
2287,4490
2286,4488
2285,4488
2284,4487
2283,4497
2282,4470
2281,4486
2280,4486
2279,4493
2278,4480
2277,4497
2276,4483
2275,4480
2274,4489
2273,4488
2272,4481
2271,4484
2270,4505
2269,4496
2268,4482
2267,4490
2266,4499
2265,4495
2264,4505
2263,4485
2262,4505
2261,4495
2260,4488
2259,4499
2258,4485
2257,4486
2256,4493
2255,4500
2254,4496
2253,4494
2252,4492
2251,4495
2250,4504
2249,4492
2248,4500
2247,4502
2246,4494
2245,4508
2244,4509
2243,4505
2242,4506
2241,4508
2240,4507
2239,4507
2238,4514
2237,4514
2236,4522
2235,4520
2234,4537
2233,4526
2232,4542
2231,4538
2230,4532
2229,4540
2228,4533
2227,4533
2226,4535
2225,4543
2224,4530
2223,4545
2222,4543
2221,4543
2220,4540
2219,4542
2218,4536
2217,4549
2216,4544
2215,4550
2214,4557
2213,4554
2212,4554
2211,4544
2210,4562
2209,4540
2208,4558
2207,4561
2206,4558
2205,4549
2204,4562
2203,4561
2202,4564
2201,4551
2200,4558
2199,4560
2198,4572
2197,4560
2196,4574
2195,4560
2194,4563
2193,4558
2192,4572
2191,4557
2190,4585
2189,4568
2188,4573
2187,4557
2186,4558
2185,4561
2184,4550
2183,4554
2182,4562
2181,4556
2180,4564
2179,4564
2178,4564
2177,4564
2176,4551
2175,4558
2174,4562
2173,4570
2172,4567
2171,4563
2170,4566
2169,4564
2168,4570
2167,4579
2166,4575
2165,4575
2164,4582
2163,4576
2162,4568
2161,4597
2160,4585
2159,4590
2158,4596
2157,4600
2156,4600
2155,4611
2154,4609
2153,4605
2152,4608
2151,4599
2150,4596
2149,4617
2148,4617
2147,4618
2146,4618
2145,4623
2144,4620
2143,4618
2142,4629
2141,4622
2140,4629
2139,4632
2138,4625
2137,4611
2136,4626
2135,4631
2134,4626
2133,4626
2132,4624
2131,4628
2130,4624
2129,4633
2128,4633
2127,4639
2126,4625
2125,4625
2124,4640
2123,4629
2122,4639
2121,4641
2120,4631
2119,4632
2118,4636
2117,4642
2116,4633
2115,4636
2114,4635
2113,4630
2112,4642
2111,4638
2110,4627
2109,4628
2108,4628
2107,4623
2106,4629
2105,4621
2104,4640
2103,4629
2102,4625
2101,4625
2100,4639
2099,4631
2098,4628
2097,4622
2096,4626
2095,4633
2094,4630
2093,4625
2092,4631
2091,4630
2090,4632
2089,4626
2088,4632
2087,4626
2086,4624
2085,4627
2084,4629
2083,4621
2082,4631
2081,4633
2080,4618
2079,4627
2078,4627
2077,4618
2076,4624
2075,4627
2074,4629
2073,4635
2072,4621
2071,4636
2070,4624
2069,4628
2068,4624
2067,4621
2066,4618
2065,4618
2064,4624
2063,4620
2062,4623
2061,4628
2060,4618
2059,4623
2058,4627
2057,4632
2056,4623
2055,4639
2054,4630
2053,4612
2052,4629
2051,4622
2050,4627
2049,4625
2048,4635
2047,4633
2046,4615
2045,4626
2044,4617
2043,4620
2042,4617
2041,4620
2040,4624
2039,4621
2038,4629
2037,4628
2036,4641
2035,4633
2034,4625
2033,4634
2032,4625
2031,4635
2030,4636
2029,4620
2028,4633
2027,4624
2026,4634
2025,4631
2024,4638
2023,4641
2022,4644
2021,4634
2020,4637
2019,4647
2018,4641
2017,4647
2016,4645
2015,4647
2014,4645
2013,4639
2012,4660
2011,4660
2010,4660
2009,4652
2008,4659
2007,4658
2006,4657
2005,4668
2004,4676
2003,4668
2002,4677
2001,4664
2000,4671
1999,4679
1998,4677
1997,4681
1996,4682
1995,4673
1994,4692
1993,4685
1992,4695
1991,4699
1990,4699
1989,4706
1988,4716
1987,4709
1986,4721
1985,4720
1984,4737
1983,4738
1982,4745
1981,4744
1980,4758
1979,4749
1978,4757
1977,4758
1976,4765
1975,4770
1974,4780
1973,4769
1972,4781
1971,4787
1970,4779
1969,4781
1968,4795
1967,4800
1966,4813
1965,4815
1964,4818
1963,4822
1962,4827
1961,4823
1960,4830
1959,4845
1958,4849
1957,4850
1956,4852
1955,4865
1954,4879
1953,4891
1952,4892
1951,4886
1950,4915
1949,4916
1948,4936
1947,4935
1946,4948
1945,4949
1944,4962
1943,4971
1942,4975
1941,4969
1940,4969
1939,4985
1938,4984
1937,4981
1936,4980
1935,4992
1934,4995
1933,4990
1932,4990
1931,4984
1930,4991
1929,4992
1928,4983
1927,4979
1926,4976
1925,4990
1924,4987
1923,4968
1922,4970
1921,4967
1920,4974
1919,4972
1918,4966
1917,4971
1916,4976
1915,4978
1914,4957
1913,4965
1912,4964
1911,4973
1910,4966
1909,4968
1908,4971
1907,4968
1906,4980
1905,4977
1904,4975
1903,4979
1902,4986
1901,4976
1900,4975
1899,4982
1898,4981
1897,4979
1896,4977
1895,4987
1894,4977
1893,4977
1892,4980
1891,4971
1890,4977
1889,4978
1888,4982
1887,4965
1886,4973
1885,4953
1884,4967
1883,4959
1882,4957
1881,4957
1880,4952
1879,4954
1878,4957
1877,4944
1876,4943
1875,4936
1874,4937
1873,4913
1872,4927
1871,4927
1870,4920
1869,4906
1868,4907
1867,4911
1866,4897
1865,4911
1864,4902
1863,4904
1862,4901
1861,4894
1860,4897
1859,4889
1858,4884
1857,4889
1856,4880
1855,4868
1854,4876
1853,4874
1852,4868
1851,4868
1850,4880
1849,4878
1848,4878
1847,4882
1846,4869
1845,4877
1844,4882
1843,4870
1842,4888
1841,4892
1840,4887
1839,4907
1838,4895
1837,4887
1836,4906
1835,4899
1834,4907
1833,4895
1832,4903
1831,4921
1830,4906
1829,4908
1828,4922
1827,4915
1826,4916
1825,4906
1824,4916
1823,4924
1822,4939
1821,4928
1820,4931
1819,4929
1818,4932
1817,4938
1816,4936
1815,4927
1814,4942
1813,4935
1812,4947
1811,4939
1810,4945
1809,4937
1808,4949
1807,4930
1806,4944
1805,4936
1804,4941
1803,4924
1802,4955
1801,4940
1800,4924
1799,4920
1798,4934
1797,4924
1796,4921
1795,4913
1794,4932
1793,4915
1792,4926
1791,4912
1790,4908
1789,4909
1788,4914
1787,4904
1786,4920
1785,4916
1784,4915
1783,4910
1782,4911
1781,4913
1780,4922
1779,4917
1778,4916
1777,4908
1776,4908
1775,4910
1774,4910
1773,4911
1772,4921
1771,4927
1770,4924
1769,4915
1768,4925
1767,4924
1766,4922
1765,4922
1764,4916
1763,4934
1762,4928
1761,4925
1760,4938
1759,4929
1758,4935
1757,4947
1756,4936
1755,4940
1754,4934
1753,4930
1752,4938
1751,4942
1750,4941
1749,4935
1748,4944
1747,4939
1746,4955
1745,4953
1744,4935
1743,4952
1742,4956
1741,4964
1740,4962
1739,4972
1738,4976
1737,4974
1736,4972
1735,4979
1734,4996
1733,4995
1732,5000
1731,5002
1730,5007
1729,5011
1728,5017
1727,5023
1726,5027
1725,5052
1724,5039
1723,5045
1722,5066
1721,5059
1720,5071
1719,5074
1718,5084
1717,5083
1716,5092
1715,5080
1714,5097
1713,5096
1712,5099
1711,5105
1710,5104
1709,5103
1708,5117
1707,5097
1706,5112
1705,5097
1704,5122
1703,5125
1702,5125
1701,5120
1700,5132
1699,5134
1698,5138
1697,5126
1696,5148
1695,5119
1694,5149
1693,5150
1692,5153
1691,5163
1690,5154
1689,5159
1688,5179
1687,5173
1686,5172
1685,5174
1684,5188
1683,5197
1682,5183
1681,5201
1680,5203
1679,5200
1678,5201
1677,5198
1676,5202
1675,5220
1674,5221
1673,5219
1672,5216
1671,5229
1670,5223
1669,5216
1668,5222
1667,5235
1666,5253
1665,5246
1664,5262
1663,5257
1662,5248
1661,5250
1660,5252
1659,5266
1658,5260
1657,5260
1656,5270
1655,5260
1654,5267
1653,5272
1652,5270
1651,5278
1650,5279
1649,5279
1648,5294
1647,5294
1646,5290
1645,5298
1644,5294
1643,5303
1642,5311
1641,5297
1640,5315
1639,5293
1638,5312
1637,5320
1636,5316
1635,5306
1634,5324
1633,5319
1632,5318
1631,5300
1630,5316
1629,5314
1628,5321
1627,5305
1626,5308
1625,5294
1624,5300
1623,5321
1622,5317
1621,5298
1620,5303
1619,5313
1618,5311
1617,5304
1616,5309
1615,5301
1614,5315
1613,5323
1612,5319
1611,5312
1610,5306
1609,5324
1608,5325
1607,5309
1606,5309
1605,5314
1604,5309
1603,5295
1602,5311
1601,5305
1600,5294
1599,5290
1598,5294
1597,5293
1596,5287
1595,5290
1594,5279
1593,5279
1592,5281
1591,5289
1590,5279
1589,5283
1588,5270
1587,5263
1586,5276
1585,5288
1584,5273
1583,5256
1582,5257
1581,5262
1580,5254
1579,5250
1578,5271
1577,5256
1576,5272
1575,5257
1574,5256
1573,5252
1572,5254
1571,5258
1570,5257
1569,5241
1568,5250
1567,5240
1566,5247
1565,5245
1564,5237
1563,5226
1562,5230
1561,5234
1560,5233
1559,5221
1558,5229
1557,5235
1556,5231
1555,5228
1554,5237
1553,5224
1552,5238
1551,5231
1550,5222
1549,5229
1548,5232
1547,5238
1546,5231
1545,5234
1544,5248
1543,5240
1542,5247
1541,5264
1540,5258
1539,5259
1538,5266
1537,5272
1536,5287
1535,5275
1534,5279
1533,5299
1532,5290
1531,5285
1530,5279
1529,5278
1528,5291
1527,5308
1526,5292
1525,5292
1524,5285
1523,5288
1522,5293
1521,5282
1520,5273
1519,5277
1518,5293
1517,5281
1516,5284
1515,5272
1514,5290
1513,5275
1512,5290
1511,5291
1510,5289
1509,5290
1508,5295
1507,5296
1506,5301
1505,5294
1504,5305
1503,5306
1502,5332
1501,5331
1500,5342
1499,5349
1498,5355
1497,5368
1496,5386
1495,5378
1494,5391
1493,5404
1492,5427
1491,5414
1490,5440
1489,5449
1488,5467
1487,5470
1486,5493
1485,5500
1484,5512
1483,5513
1482,5526
1481,5528
1480,5553
1479,5551
1478,5578
1477,5577
1476,5582
1475,5588
1474,5608
1473,5602
1472,5595
1471,5609
1470,5615
1469,5619
1468,5624
1467,5630
1466,5638
1465,5640
1464,5645
1463,5638
1462,5652
1461,5650
1460,5653
1459,5643
1458,5668
1457,5647
1456,5661
1455,5655
1454,5671
1453,5659
1452,5661
1451,5658
1450,5663
1449,5652
1448,5644
1447,5643
1446,5645
1445,5644
1444,5649
1443,5651
1442,5646
1441,5641
1440,5649
1439,5643
1438,5652
1437,5650
1436,5676
1435,5664
1434,5668
1433,5692
1432,5694
1431,5684
1430,5703
1429,5718
1428,5734
1427,5746
1426,5765
1425,5777
1424,5791
1423,5818
1422,5825
1421,5828
1420,5851
1419,5851
1418,5866
1417,5881
1416,5901
1415,5892
1414,5912
1413,5925
1412,5938
1411,5940
1410,5924
1409,5927
1408,5935
1407,5917
1406,5909
1405,5910
1404,5913
1403,5895
1402,5897
1401,5905
1400,5884
1399,5886
1398,5892
1397,5879
1396,5897
1395,5888
1394,5899
1393,5890
1392,5897
1391,5896
1390,5909
1389,5925
1388,5926
1387,5930
1386,5943
1385,5944
1384,5951
1383,5952
1382,5967
1381,5955
1380,5960
1379,5950
1378,5958
1377,5947
1376,5949
1375,5949
1374,5940
1373,5924
1372,5920
1371,5912
1370,5911
1369,5892
1368,5884
1367,5876
1366,5859
1365,5859
1364,5851
1363,5837
1362,5827
1361,5827
1360,5800
1359,5788
1358,5797
1357,5778
1356,5767
1355,5768
1354,5758
1353,5755
1352,5727
1351,5724
1350,5720
1349,5705
1348,5705
1347,5709
1346,5691
1345,5688
1344,5688
1343,5665
1342,5658
1341,5654
1340,5619
1339,5626
1338,5627
1337,5607
1336,5596
1335,5584
1334,5568
1333,5564
1332,5562
1331,5545
1330,5538
1329,5522
1328,5525
1327,5504
1326,5513
1325,5491
1324,5492
1323,5500
1322,5487
1321,5485
1320,5480
1319,5487
1318,5481
1317,5474
1316,5474
1315,5476
1314,5482
1313,5484
1312,5470
1311,5471
1310,5481
1309,5467
1308,5483
1307,5483
1306,5476
1305,5476
1304,5474
1303,5483
1302,5492
1301,5461
1300,5480
1299,5476
1298,5476
1297,5476
1296,5482
1295,5467
1294,5470
1293,5464
1292,5471
1291,5462
1290,5454
1289,5472
1288,5453
1287,5452
1286,5448
1285,5449
1284,5454
1283,5452
1282,5446
1281,5440
1280,5441
1279,5441
1278,5447
1277,5433
1276,5441
1275,5430
1274,5434
1273,5443
1272,5450
1271,5439
1270,5452
1269,5452
1268,5451
1267,5440
1266,5444
1265,5446
1264,5463
1263,5463
1262,5467
1261,5455
1260,5453
1259,5460
1258,5456
1257,5465
1256,5461
1255,5462
1254,5456
1253,5453
1252,5449
1251,5457
1250,5444
1249,5437
1248,5453
1247,5448
1246,5459
1245,5447
1244,5448
1243,5444
1242,5452
1241,5462
1240,5453
1239,5451
1238,5460
1237,5454
1236,5460
1235,5462
1234,5465
1233,5462
1232,5474
1231,5471
1230,5485
1229,5494
1228,5512
1227,5494
1226,5529
1225,5517
1224,5542
1223,5539
1222,5557
1221,5560
1220,5574
1219,5565
1218,5605
1217,5580
1216,5597
1215,5613
1214,5609
1213,5616
1212,5635
1211,5643
1210,5641
1209,5661
1208,5673
1207,5685
1206,5698
1205,5722
1204,5737
1203,5763
1202,5776
1201,5794
1200,5824
1199,5857
1198,5880
1197,5907
1196,5943
1195,5962
1194,5997
1193,6022
1192,6066
1191,6095
1190,6131
1189,6152
1188,6200
1187,6217
1186,6253
1185,6292
1184,6327
1183,6334
1182,6386
1181,6399
1180,6433
1179,6453
1178,6475
1177,6496
1176,6528
1175,6533
1174,6556
1173,6574
1172,6591
1171,6599
1170,6601
1169,6618
1168,6633
1167,6630
1166,6646
1165,6630
1164,6643
1163,6633
1162,6634
1161,6613
1160,6607
1159,6578
1158,6573
1157,6536
1156,6542
1155,6500
1154,6503
1153,6465
1152,6462
1151,6425
1150,6411
1149,6389
1148,6371
1147,6346
1146,6328
1145,6308
1144,6293
1143,6274
1142,6256
1141,6237
1140,6237
1139,6229
1138,6220
1137,6198
1136,6206
1135,6187
1134,6208
1133,6197
1132,6216
1131,6201
1130,6235
1129,6225
1128,6257
1127,6265
1126,6283
1125,6283
1124,6312
1123,6333
1122,6350
1121,6356
1120,6382
1119,6383
1118,6418
1117,6423
1116,6439
1115,6436
1114,6441
1113,6442
1112,6459
1111,6441
1110,6442
1109,6446
1108,6440
1107,6424
1106,6418
1105,6395
1104,6380
1103,6355
1102,6344
1101,6321
1100,6310
1099,6275
1098,6265
1097,6238
1096,6210
1095,6195
1094,6164
1093,6122
1092,6109
1091,6084
1090,6088
1089,6064
1088,6023
1087,6011
1086,5984
1085,5979
1084,5968
1083,5963
1082,5940
1081,5928
1080,5911
1079,5896
1078,5883
1077,5880
1076,5856
1075,5840
1074,5833
1073,5800
1072,5798
1071,5780
1070,5755
1069,5731
1068,5718
1067,5700
1066,5688
1065,5658
1064,5638
1063,5607
1062,5575
1061,5575
1060,5555
1059,5525
1058,5506
1057,5479
1056,5472
1055,5442
1054,5435
1053,5418
1052,5403
1051,5400
1050,5388
1049,5375
1048,5369
1047,5357
1046,5356
1045,5355
1044,5345
1043,5342
1042,5340
1041,5335
1040,5340
1039,5338
1038,5335
1037,5339
1036,5341
1035,5334
1034,5334
1033,5335
1032,5336
1031,5316
1030,5318
1029,5312
1028,5317
1027,5308
1026,5291
1025,5306
1024,5288
1023,5292
1022,5289
1021,5273
1020,5269
1019,5263
1018,5261
1017,5264
1016,5256
1015,5246
1014,5256
1013,5247
1012,5251
1011,5250
1010,5247
1009,5260
1008,5244
1007,5251
1006,5235
1005,5265
1004,5256
1003,5289
1002,5288
1001,5300
1000,5317
999,5329
998,5337
997,5371
996,5397
995,5406
994,5447
993,5450
992,5481
991,5513
990,5547
989,5570
988,5609
987,5622
986,5653
985,5672
984,5705
983,5734
982,5762
981,5782
980,5797
979,5813
978,5845
977,5847
976,5856
975,5878
974,5882
973,5880
972,5884
971,5892
970,5906
969,5900
968,5901
967,5899
966,5898
965,5897
964,5912
963,5900
962,5909
961,5906
960,5915
959,5915
958,5932
957,5942
956,5956
955,5958
954,5989
953,5996
952,6037
951,6047
950,6087
949,6111
948,6144
947,6172
946,6216
945,6239
944,6282
943,6308
942,6338
941,6351
940,6384
939,6422
938,6453
937,6466
936,6507
935,6527
934,6537
933,6540
932,6577
931,6580
930,6611
929,6602
928,6629
927,6629
926,6645
925,6661
924,6672
923,6674
922,6684
921,6686
920,6686
919,6684
918,6702
917,6701
916,6712
915,6694
914,6714
913,6705
912,6704
911,6710
910,6719
909,6715
908,6722
907,6706
906,6700
905,6707
904,6698
903,6716
902,6701
901,6691
900,6698
899,6688
898,6690
897,6674
896,6662
895,6649
894,6660
893,6639
892,6635
891,6627
890,6619
889,6607
888,6600
887,6607
886,6598
885,6580
884,6577
883,6562
882,6578
881,6579
880,6572
879,6578
878,6585
877,6577
876,6590
875,6594
874,6609
873,6611
872,6620
871,6623
870,6625
869,6636
868,6639
867,6646
866,6640
865,6638
864,6647
863,6639
862,6642
861,6642
860,6637
859,6629
858,6616
857,6615
856,6592
855,6588
854,6566
853,6564
852,6552
851,6523
850,6514
849,6494
848,6472
847,6462
846,6447
845,6423
844,6400
843,6394
842,6368
841,6354
840,6333
839,6305
838,6295
837,6275
836,6250
835,6237
834,6204
833,6180
832,6161
831,6118
830,6092
829,6058
828,6032
827,5999
826,5963
825,5935
824,5888
823,5847
822,5809
821,5781
820,5730
819,5715
818,5698
817,5639
816,5594
815,5558
814,5539
813,5494
812,5465
811,5422
810,5400
809,5387
808,5362
807,5313
806,5321
805,5296
804,5283
803,5258
802,5256
801,5247
800,5249
799,5246
798,5246
797,5233
796,5235
795,5239
794,5257
793,5252
792,5253
791,5247
790,5247
789,5260
788,5256
787,5253
786,5271
785,5275
784,5280
783,5271
782,5273
781,5278
780,5278
779,5278
778,5299
777,5299
776,5308
775,5314
774,5317
773,5326
772,5346
771,5340
770,5357
769,5362
768,5385
767,5392
766,5403
765,5407
764,5427
763,5427
762,5430
761,5446
760,5449
759,5457
758,5460
757,5473
756,5487
755,5490
754,5492
753,5516
752,5528
751,5532
750,5560
749,5561
748,5581
747,5599
746,5630
745,5660
744,5689
743,5695
742,5751
741,5762
740,5811
739,5845
738,5892
737,5932
736,5986
735,6017
734,6065
733,6113
732,6164
731,6194
730,6246
729,6292
728,6338
727,6365
726,6402
725,6435
724,6476
723,6490
722,6504
721,6527
720,6546
719,6549
718,6555
717,6562
716,6567
715,6559
714,6550
713,6559
712,6565
711,6574
710,6586
709,6586
708,6637
707,6638
706,6684
705,6737
704,6801
703,6869
702,6953
701,7041
700,7134
699,7210
698,7360
697,7481
696,7684
695,7811
694,8009
693,8178
692,8355
691,8467
690,8669
689,8822
688,9046
687,9173
686,9370
685,9503
684,9666
683,9762
682,9858
681,9903
680,9981
679,10019
678,10038
677,10025
676,10013
675,9962
674,9919
673,9811
672,9722
671,9600
670,9465
669,9336
668,9187
667,9080
666,8921
665,8767
664,8624
663,8448
662,8327
661,8210
660,8115
659,8025
658,7941
657,7879
656,7837
655,7815
654,7831
653,7871
652,7934
651,7998
650,8109
649,8200
648,8369
647,8481
646,8687
645,8824
644,9042
643,9171
642,9386
641,9535
640,9696
639,9887
638,10042
637,10148
636,10310
635,10405
634,10494
633,10553
632,10622
631,10652
630,10695
629,10675
628,10695
627,10653
626,10631
625,10578
624,10553
623,10472
622,10395
621,10322
620,10247
619,10128
618,10058
617,9961
616,9887
615,9785
614,9686
613,9617
612,9521
611,9442
610,9339
609,9260
608,9218
607,9118
606,9045
605,8981
604,8913
603,8829
602,8774
601,8696
600,8634
599,8565
598,8489
597,8428
596,8329
595,8245
594,8166
593,8071
592,7985
591,7896
590,7775
589,7689
588,7578
587,7488
586,7369
585,7279
584,7176
583,7060
582,6947
581,6857
580,6766
579,6710
578,6631
577,6561
576,6505
575,6475
574,6444
573,6434
572,6421
571,6421
570,6439
569,6450
568,6490
567,6518
566,6565
565,6586
564,6653
563,6689
562,6760
561,6795
560,6857
559,6888
558,6949
557,6972
556,7003
555,6997
554,7009
553,7005
552,6999
551,6981
550,6948
549,6918
548,6877
547,6832
546,6761
545,6696
544,6613
543,6547
542,6458
541,6367
540,6291
539,6195
538,6102
537,6014
536,5906
535,5833
534,5760
533,5680
532,5618
531,5554
530,5489
529,5431
528,5383
527,5336
526,5295
525,5271
524,5227
523,5212
522,5195
521,5176
520,5180
519,5178
518,5180
517,5191
516,5196
515,5211
514,5218
513,5231
512,5248
511,5256
510,5292
509,5297
508,5332
507,5363
506,5383
505,5413
504,5480
503,5495
502,5550
501,5599
500,5661
499,5707
498,5786
497,5852
496,5936
495,6016
494,6103
493,6196
492,6309
491,6370
490,6499
489,6603
488,6696
487,6767
486,6893
485,6959
484,7067
483,7136
482,7233
481,7302
480,7399
479,7472
478,7544
477,7625
476,7683
475,7716
474,7783
473,7834
472,7878
471,7920
470,7966
469,8004
468,8046
467,8062
466,8104
465,8136
464,8148
463,8171
462,8199
461,8205
460,8242
459,8261
458,8297
457,8307
456,8351
455,8363
454,8411
453,8430
452,8480
451,8500
450,8527
449,8566
448,8603
447,8615
446,8664
445,8678
444,8724
443,8712
442,8761
441,8745
440,8775
439,8788
438,8803
437,8830
436,8843
435,8869
434,8912
433,8942
432,9031
431,9090
430,9208
429,9312
428,9440
427,9578
426,9783
425,9939
424,10168
423,10354
422,10640
421,10884
420,11204
419,11455
418,11806
417,12072
416,12438
415,12730
414,13093
413,13356
412,13728
411,13974
410,14286
409,14503
408,14780
407,14944
406,15197
405,15299
404,15444
403,15513
402,15603
401,15605
400,15607
399,15533
398,15413
397,15285
396,15188
395,14983
394,14778
393,14561
392,14318
391,14093
390,13799
389,13556
388,13269
387,13066
386,12824
385,12650
384,12478
383,12357
382,12255
381,12223
380,12261
379,12321
378,12496
377,12668
376,12994
375,13285
374,13769
373,14173
372,14752
371,15231
370,15929
369,16495
368,17245
367,17841
366,18629
365,19201
364,19948
363,20505
362,21192
361,21657
360,22242
359,22558
358,22952
357,23146
356,23350
355,23349
354,22776
353,23014
352,22907
351,22651
350,22318
349,22145
348,21646
347,21076
346,20368
345,19631
344,18859
343,18038
342,17131
341,16335
340,15364
339,14537
338,13605
337,12806
336,12001
335,11386
334,10660
333,10094
332,9512
331,9074
330,8609
329,8281
328,8002
327,7810
326,7688
325,7632
324,7659
323,7725
322,7878
321,8042
320,8299
319,8551
318,8832
317,9110
316,9446
315,9733
314,10065
313,10327
312,10614
311,10804
310,11038
309,11174
308,11337
307,11423
306,11523
305,11513
304,11551
303,11516
302,11470
301,11410
300,11321
299,11207
298,11094
297,10966
296,10841
295,10673
294,10521
293,10376
292,10214
291,10059
290,9883
289,9685
288,9500
287,9330
286,9129
285,8975
284,8802
283,8675
282,8527
281,8397
280,8259
279,8142
278,8023
277,7950
276,7884
275,7858
274,7849
273,7843
272,7870
271,7903
270,7953
269,7977
268,8033
267,8078
266,8129
265,8156
264,8204
263,8234
262,8238
261,8252
260,8277
259,8250
258,8278
257,8287
256,8365
255,8395
254,8526
253,8649
252,8854
251,9055
250,9380
249,9710
248,10166
247,10595
246,11194
245,11674
244,12344
243,12893
242,13630
241,14266
240,15021
239,15596
238,16392
237,16929
236,17607
235,18111
234,18711
233,19149
232,19603
231,19946
230,20310
229,20550
228,20777
227,20914
226,21059
225,21041
224,21099
223,21042
222,21051
221,20943
220,20847
219,20713
218,20629
217,20445
216,20288
215,20107
214,20001
213,19877
212,19823
211,19763
210,19748
209,19836
208,20044
207,20228
206,20681
205,21070
204,21795
203,22381
202,23427
201,24362
200,25740
199,26929
198,28791
197,30192
196,32299
195,33857
194,36147
193,37976
192,40519
191,42402
190,45155
189,46922
188,49497
187,51173
186,53413
185,54973
184,56932
183,57988
182,59659
181,60421
180,61465
179,61840
178,62489
177,62590
176,62705
175,62381
174,62256
173,61804
172,61338
171,60657
170,60037
169,59288
168,58633
167,57980
166,57426
165,56915
164,56588
163,56255
162,56206
161,56218
160,56733
159,57245
158,58439
157,59193
156,61060
155,62837
154,65756
153,68478
152,72537
151,75995
150,81195
149,85694
148,91414
147,96367
146,103189
145,109269
144,116575
143,122407
142,130274
141,136410
140,143709
139,148693
138,155227
137,159500
136,164462
135,167473
134,170953
133,172718
132,174796
131,174971
130,175531
129,174325
128,173070
127,170847
126,167746
125,164012
124,160694
123,156273
122,151403
121,146929
120,141532
119,136704
118,131437
117,126770
116,122183
115,118621
114,115112
113,112498
112,110592
111,109404
110,109690
109,110533
108,113419
107,116222
106,121541
105,126776
104,135182
103,143011
102,155158
101,165255
100,180164
99,193163
98,211550
97,227776
96,250038
95,268758
94,294318
93,315852
92,344107
91,366934
90,398730
89,424186
88,457551
87,483765
86,518822
85,544618
84,577970
83,602956
82,636763
81,662175
80,693844
79,715192
78,744863
77,763867
76,789067
75,806130
74,828279
73,842743
72,860730
71,869345
70,880805
69,883765
68,892553
67,893640
66,898216
65,896443
64,897830
63,896209
62,897535
61,893895
60,893523
59,890386
58,889357
57,889627
56,892702
55,893520
54,900052
53,904293
52,915002
51,922326
50,938278
49,951661
48,971396
47,986926
46,1015419
45,1036732
44,1067879
43,1092987
42,1130645
41,1159284
40,1197798
39,1232981
38,1282753
37,1319393
36,1365072
35,1405328
34,1457382
33,1495731
32,1542446
31,1583703
30,1638315
29,1674277
28,1730404
27,1762780
26,1812433
25,1850051
24,1893040
23,1921293
22,1968735
21,2000944
20,2037468
19,2064034
18,2101796
17,2126036
16,2160418
15,2182099
14,2211135
13,2227370
12,2251464
11,2270678
10,2298543
9,2297335
8,2310993
7,2317246
6,2332930
5,2336096
4,2339820
3,2337468
2,2334204
1,2322151
0,2321010
-1,2301893
-2,2285565
-3,2263930
-4,2243773
-5,2212737
-6,2184938
-7,2150845
-8,2112818
-9,2075149
-10,2031571
-11,1986695
-12,1940012
-13,1898356
-14,1852294
-15,1805092
-16,1755330
-17,1713901
-18,1664688
-19,1626376
-20,1583398
-21,1547414
-22,1509366
-23,1476282
-24,1446763
-25,1420621
-26,1398514
-27,1379295
-28,1362953
-29,1348144
-30,1336579
-31,1326267
-32,1323294
-33,1316498
-34,1316288
-35,1312337
-36,1315992
-37,1311492
-38,1310730
-39,1307032
-40,1304763
-41,1298752
-42,1292993
-43,1280478
-44,1269230
-45,1251529
-46,1230183
-47,1204837
-48,1180025
-49,1150272
-50,1115235
-51,1079448
-52,1040915
-53,1001024
-54,956462
-55,907411
-56,858226
-57,810161
-58,750311
-59,701091
-60,645521
-61,597265
-62,541193
-63,494213
-64,447545
-65,411317
-66,368044
-67,334922
-68,298937
-69,269282
-70,237293
-71,211500
-72,186648
-73,167955
-74,149141
-75,133903
-76,121966
-77,113426
-78,105618
-79,100366
-80,96972
-81,95395
-82,95643
-83,96756
-84,99459
-85,102323
-86,107169
-87,111371
-88,117377
-89,122247
-90,129038
-91,133682
-92,140242
-93,145080
-94,151954
-95,156293
-96,161229
-97,164201
-98,168538
-99,170670
-100,173114
-101,174000
-102,174532
-103,173874
-104,172578
-105,170096
-106,167749
-107,163550
-108,157991
-109,153280
-110,147233
-111,141158
-112,133340
-113,126364
-114,118008
-115,110342
-116,101632
-117,94644
-118,85852
-119,78715
-120,70812
-121,64848
-122,57875
-123,52766
-124,47358
-125,43320
-126,39090
-127,36111
-128,33579
-129,32000
-130,30806
-131,30285
-132,30320
-133,30789
-134,31790
-135,33006
-136,34764
-137,36405
-138,38705
-139,40561
-140,42723
-141,44447
-142,46714
-143,48542
-144,50537
-145,52100
-146,53764
-147,54808
-148,55879
-149,56514
-150,57105
-151,56950
-152,57146
-153,56855
-154,56309
-155,55509
-156,54514
-157,53369
-158,51858
-159,50228
-160,48441
-161,46649
-162,44303
-163,42376
-164,40029
-165,37965
-166,35430
-167,33204
-168,30794
-169,28713
-170,26213
-171,24279
-172,22261
-173,20669
-174,18883
-175,17425
-176,15947
-177,14888
-178,13741
-179,12963
-180,12257
-181,11802
-182,11379
-183,11133
-184,11011
-185,10984
-186,11066
-187,11170
-188,11344
-189,11505
-190,11770
-191,11949
-192,12157
-193,12323
-194,12554
-195,12629
-196,12737
-197,12794
-198,12858
-199,12853
-200,12840
-201,12762
-202,12644
-203,12516
-204,12407
-205,12260
-206,12077
-207,11884
-208,11643
-209,11393
-210,11083
-211,10823
-212,10491
-213,10200
-214,9812
-215,9497
-216,9119
-217,8788
-218,8384
-219,8079
-220,7715
-221,7429
-222,7098
-223,6825
-224,6548
-225,6336
-226,6110
-227,5982
-228,5804
-229,5691
-230,5609
-231,5552
-232,5522
-233,5508
-234,5533
-235,5540
-236,5608
-237,5649
-238,5697
-239,5756
-240,5812
-241,5871
-242,5924
-243,5969
-244,6000
-245,6019
-246,6062
-247,6089
-248,6109
-249,6146
-250,6175
-251,6202
-252,6232
-253,6271
-254,6315
-255,6335
-256,6383
-257,6408
-258,6457
-259,6474
-260,6512
-261,6520
-262,6540
-263,6558
-264,6564
-265,6552
-266,6557
-267,6543
-268,6545
-269,6528
-270,6526
-271,6535
-272,6538
-273,6557
-274,6602
-275,6647
-276,6714
-277,6766
-278,6874
-279,6975
-280,7115
-281,7241
-282,7426
-283,7555
-284,7736
-285,7879
-286,8106
-287,8260
-288,8477
-289,8624
-290,8827
-291,8967
-292,9121
-293,9227
-294,9379
-295,9464
-296,9570
-297,9627
-298,9709
-299,9712
-300,9725
-301,9694
-302,9686
-303,9622
-304,9438
-305,9481
-306,9365
-307,9233
-308,9109
-309,8977
-310,8821
-311,8667
-312,8496
-313,8320
-314,8093
-315,7904
-316,7721
-317,7554
-318,7404
-319,7242
-320,7094
-321,6959
-322,6843
-323,6771
-324,6725
-325,6698
-326,6690
-327,6719
-328,6780
-329,6864
-330,6997
-331,7109
-332,7295
-333,7457
-334,7682
-335,7875
-336,8158
-337,8399
-338,8684
-339,8881
-340,9142
-341,9369
-342,9653
-343,9875
-344,10116
-345,10307
-346,10512
-347,10661
-348,10789
-349,10882
-350,10997
-351,11096
-352,11119
-353,11087
-354,11060
-355,11005
-356,10934
-357,10845
-358,10742
-359,10625
-360,10464
-361,10289
-362,10096
-363,9916
-364,9685
-365,9451
-366,9223
-367,9009
-368,8828
-369,8640
-370,8407
-371,8214
-372,8017
-373,7862
-374,7709
-375,7585
-376,7476
-377,7415
-378,7345
-379,7319
-380,7301
-381,7317
-382,7340
-383,7380
-384,7419
-385,7466
-386,7554
-387,7626
-388,7702
-389,7756
-390,7835
-391,7897
-392,7964
-393,7988
-394,8050
-395,8069
-396,8101
-397,8114
-398,8129
-399,8104
-400,8112
-401,8081
-402,8052
-403,8014
-404,7964
-405,7914
-406,7857
-407,7796
-408,7722
-409,7654
-410,7568
-411,7492
-412,7412
-413,7353
-414,7280
-415,7216
-416,7112
-417,7048
-418,6973
-419,6912
-420,6834
-421,6773
-422,6720
-423,6654
-424,6610
-425,6560
-426,6509
-427,6488
-428,6465
-429,6433
-430,6427
-431,6398
-432,6392
-433,6396
-434,6385
-435,6391
-436,6393
-437,6391
-438,6385
-439,6371
-440,6372
-441,6365
-442,6357
-443,6344
-444,6310
-445,6278
-446,6241
-447,6224
-448,6194
-449,6143
-450,6124
-451,6097
-452,6066
-453,6034
-454,6006
-455,5982
-456,5946
-457,5924
-458,5898
-459,5882
-460,5854
-461,5821
-462,5787
-463,5753
-464,5741
-465,5708
-466,5673
-467,5638
-468,5617
-469,5564
-470,5527
-471,5506
-472,5461
-473,5431
-474,5386
-475,5363
-476,5328
-477,5297
-478,5286
-479,5246
-480,5227
-481,5201
-482,5181
-483,5168
-484,5170
-485,5173
-486,5161
-487,5162
-488,5163
-489,5159
-490,5162
-491,5174
-492,5175
-493,5186
-494,5210
-495,5196
-496,5204
-497,5211
-498,5195
-499,5210
-500,5227
-501,5211
-502,5226
-503,5215
-504,5218
-505,5234
-506,5217
-507,5231
-508,5219
-509,5217
-510,5220
-511,5213
-512,5207
-513,5183
-514,5180
-515,5173
-516,5145
-517,5141
-518,5119
-519,5099
-520,5081
-521,5075
-522,5064
-523,5038
-524,5023
-525,5003
-526,5006
-527,5001
-528,4980
-529,4968
-530,4967
-531,4951
-532,4949
-533,4948
-534,4935
-535,4934
-536,4935
-537,4932
-538,4936
-539,4939
-540,4926
-541,4918
-542,4930
-543,4935
-544,4920
-545,4910
-546,4917
-547,4905
-548,4900
-549,4907
-550,4915
-551,4905
-552,4906
-553,4893
-554,4914
-555,4926
-556,4934
-557,4945
-558,4969
-559,4978
-560,4987
-561,5012
-562,5042
-563,5040
-564,5078
-565,5087
-566,5112
-567,5133
-568,5151
-569,5172
-570,5205
-571,5211
-572,5226
-573,5255
-574,5277
-575,5288
-576,5304
-577,5308
-578,5334
-579,5329
-580,5327
-581,5341
-582,5337
-583,5342
-584,5344
-585,5330
-586,5333
-587,5312
-588,5302
-589,5295
-590,5268
-591,5258
-592,5239
-593,5216
-594,5207
-595,5191
-596,5177
-597,5177
-598,5154
-599,5167
-600,5113
-601,5101
-602,5079
-603,5080
-604,5066
-605,5052
-606,5052
-607,5049
-608,5037
-609,5030
-610,5029
-611,5022
-612,5026
-613,5017
-614,5021
-615,5019
-616,5025
-617,5019
-618,5020
-619,5027
-620,5013
-621,5016
-622,5021
-623,5010
-624,5022
-625,5015
-626,5015
-627,5009
-628,5010
-629,5015
-630,5001
-631,5006
-632,5014
-633,4999
-634,5004
-635,5006
-636,4994
-637,4998
-638,4989
-639,4989
-640,4983
-641,4993
-642,4979
-643,4979
-644,4967
-645,4974
-646,4976
-647,4974
-648,4968
-649,4969
-650,4962
-651,4954
-652,4960
-653,4961
-654,4959
-655,4958
-656,4946
-657,4958
-658,4948
-659,4945
-660,4950
-661,4937
-662,4942
-663,4941
-664,4927
-665,4935
-666,4926
-667,4933
-668,4922
-669,4917
-670,4931
-671,4927
-672,4929
-673,4932
-674,4941
-675,4944
-676,4947
-677,4937
-678,4960
-679,4961
-680,4977
-681,4970
-682,4982
-683,4982
-684,4985
-685,4993
-686,4990
-687,5003
-688,5010
-689,5005
-690,5008
-691,4990
-692,4994
-693,4984
-694,4972
-695,4965
-696,4960
-697,4954
-698,4946
-699,4927
-700,4907
-701,4899
-702,4889
-703,4875
-704,4853
-705,4840
-706,4817
-707,4808
-708,4791
-709,4759
-710,4745
-711,4726
-712,4710
-713,4707
-714,4682
-715,4662
-716,4650
-717,4643
-718,4651
-719,4640
-720,4629
-721,4622
-722,4623
-723,4632
-724,4636
-725,4634
-726,4643
-727,4647
-728,4661
-729,4674
-730,4694
-731,4710
-732,4729
-733,4750
-734,4759
-735,4787
-736,4812
-737,4814
-738,4840
-739,4848
-740,4870
-741,4879
-742,4909
-743,4906
-744,4934
-745,4931
-746,4948
-747,4961
-748,4955
-749,4960
-750,4952
-751,4954
-752,4948
-753,4942
-754,4943
-755,4930
-756,4921
-757,4905
-758,4894
-759,4882
-760,4861
-761,4857
-762,4838
-763,4833
-764,4799
-765,4790
-766,4771
-767,4763
-768,4743
-769,4739
-770,4722
-771,4693
-772,4687
-773,4677
-774,4673
-775,4668
-776,4659
-777,4648
-778,4659
-779,4652
-780,4653
-781,4633
-782,4637
-783,4650
-784,4644
-785,4644
-786,4659
-787,4663
-788,4675
-789,4675
-790,4681
-791,4686
-792,4688
-793,4708
-794,4722
-795,4721
-796,4731
-797,4728
-798,4744
-799,4742
-800,4767
-801,4765
-802,4781
-803,4777
-804,4786
-805,4781
-806,4786
-807,4796
-808,4812
-809,4818
-810,4829
-811,4807
-812,4830
-813,4825
-814,4842
-815,4839
-816,4832
-817,4839
-818,4843
-819,4836
-820,4840
-821,4827
-822,4830
-823,4818
-824,4823
-825,4827
-826,4816
-827,4814
-828,4806
-829,4808
-830,4796
-831,4789
-832,4782
-833,4778
-834,4760
-835,4760
-836,4749
-837,4746
-838,4739
-839,4730
-840,4720
-841,4708
-842,4695
-843,4684
-844,4684
-845,4675
-846,4673
-847,4650
-848,4635
-849,4635
-850,4635
-851,4630
-852,4617
-853,4629
-854,4628
-855,4624
-856,4622
-857,4620
-858,4626
-859,4635
-860,4633
-861,4647
-862,4654
-863,4658
-864,4671
-865,4663
-866,4665
-867,4675
-868,4692
-869,4717
-870,4703
-871,4710
-872,4723
-873,4733
-874,4732
-875,4742
-876,4744
-877,4750
-878,4754
-879,4766
-880,4757
-881,4774
-882,4774
-883,4774
-884,4768
-885,4769
-886,4769
-887,4768
-888,4772
-889,4775
-890,4770
-891,4760
-892,4766
-893,4760
-894,4761
-895,4742
-896,4741
-897,4731
-898,4735
-899,4730
-900,4722
-901,4715
-902,4717
-903,4716
-904,4711
-905,4698
-906,4688
-907,4679
-908,4696
-909,4679
-910,4659
-911,4651
-912,4658
-913,4644
-914,4643
-915,4637
-916,4649
-917,4642
-918,4623
-919,4615
-920,4612
-921,4620
-922,4615
-923,4610
-924,4600
-925,4594
-926,4594
-927,4601
-928,4596
-929,4590
-930,4591
-931,4590
-932,4589
-933,4599
-934,4586
-935,4598
-936,4588
-937,4591
-938,4582
-939,4591
-940,4603
-941,4592
-942,4598
-943,4602
-944,4621
-945,4619
-946,4606
-947,4615
-948,4614
-949,4618
-950,4615
-951,4612
-952,4616
-953,4618
-954,4620
-955,4609
-956,4609
-957,4620
-958,4618
-959,4602
-960,4619
-961,4609
-962,4616
-963,4596
-964,4607
-965,4599
-966,4604
-967,4595
-968,4589
-969,4585
-970,4582
-971,4582
-972,4569
-973,4582
-974,4574
-975,4567
-976,4564
-977,4578
-978,4573
-979,4553
-980,4555
-981,4558
-982,4557
-983,4542
-984,4540
-985,4542
-986,4524
-987,4535
-988,4518
-989,4513
-990,4520
-991,4521
-992,4514
-993,4524
-994,4501
-995,4502
-996,4498
-997,4495
-998,4488
-999,4496
-1000,4497
-1001,4498
-1002,4495
-1003,4492
-1004,4489
-1005,4487
-1006,4482
-1007,4488
-1008,4478
-1009,4480
-1010,4484
-1011,4466
-1012,4472
-1013,4466
-1014,4476
-1015,4470
-1016,4468
-1017,4479
-1018,4464
-1019,4457
-1020,4465
-1021,4468
-1022,4461
-1023,4454
-1024,4450
-1025,4464
-1026,4467
-1027,4459
-1028,4450
-1029,4458
-1030,4452
-1031,4456
-1032,4445
-1033,4447
-1034,4460
-1035,4453
-1036,4454
-1037,4456
-1038,4459
-1039,4450
-1040,4461
-1041,4459
-1042,4443
-1043,4448
-1044,4449
-1045,4444
-1046,4448
-1047,4447
-1048,4445
-1049,4446
-1050,4455
-1051,4444
-1052,4457
-1053,4459
-1054,4444
-1055,4451
-1056,4452
-1057,4454
-1058,4459
-1059,4467
-1060,4464
-1061,4466
-1062,4472
-1063,4485
-1064,4479
-1065,4469
-1066,4475
-1067,4483
-1068,4474
-1069,4482
-1070,4480
-1071,4483
-1072,4492
-1073,4484
-1074,4482
-1075,4479
-1076,4479
-1077,4482
-1078,4500
-1079,4494
-1080,4489
-1081,4482
-1082,4488
-1083,4502
-1084,4498
-1085,4500
-1086,4506
-1087,4498
-1088,4503
-1089,4508
-1090,4514
-1091,4497
-1092,4518
-1093,4512
-1094,4522
-1095,4516
-1096,4521
-1097,4517
-1098,4525
-1099,4520
-1100,4513
-1101,4516
-1102,4526
-1103,4503
-1104,4503
-1105,4508
-1106,4502
-1107,4521
-1108,4500
-1109,4511
-1110,4501
-1111,4508
-1112,4504
-1113,4507
-1114,4508
-1115,4495
-1116,4484
-1117,4486
-1118,4496
-1119,4491
-1120,4492
-1121,4496
-1122,4493
-1123,4493
-1124,4501
-1125,4489
-1126,4485
-1127,4486
-1128,4490
-1129,4478
-1130,4494
-1131,4492
-1132,4509
-1133,4498
-1134,4501
-1135,4510
-1136,4513
-1137,4515
-1138,4515
-1139,4521
-1140,4532
-1141,4527
-1142,4544
-1143,4531
-1144,4548
-1145,4556
-1146,4560
-1147,4575
-1148,4567
-1149,4564
-1150,4582
-1151,4580
-1152,4579
-1153,4582
-1154,4591
-1155,4596
-1156,4588
-1157,4597
-1158,4601
-1159,4590
-1160,4594
-1161,4589
-1162,4588
-1163,4585
-1164,4589
-1165,4586
-1166,4577
-1167,4598
-1168,4589
-1169,4589
-1170,4578
-1171,4580
-1172,4573
-1173,4573
-1174,4566
-1175,4561
-1176,4571
-1177,4551
-1178,4551
-1179,4549
-1180,4552
-1181,4549
-1182,4553
-1183,4549
-1184,4537
-1185,4531
-1186,4546
-1187,4532
-1188,4535
-1189,4531
-1190,4528
-1191,4517
-1192,4513
-1193,4517
-1194,4510
-1195,4517
-1196,4505
-1197,4491
-1198,4490
-1199,4491
-1200,4485
-1201,4491
-1202,4489
-1203,4479
-1204,4472
-1205,4483
-1206,4477
-1207,4478
-1208,4473
-1209,4473
-1210,4472
-1211,4468
-1212,4470
-1213,4463
-1214,4457
-1215,4466
-1216,4461
-1217,4469
-1218,4450
-1219,4462
-1220,4461
-1221,4455
-1222,4449
-1223,4449
-1224,4448
-1225,4453
-1226,4450
-1227,4455
-1228,4442
-1229,4457
-1230,4446
-1231,4457
-1232,4456
-1233,4454
-1234,4452
-1235,4456
-1236,4454
-1237,4462
-1238,4457
-1239,4452
-1240,4457
-1241,4460
-1242,4469
-1243,4457
-1244,4468
-1245,4474
-1246,4455
-1247,4456
-1248,4457
-1249,4460
-1250,4462
-1251,4455
-1252,4456
-1253,4458
-1254,4453
-1255,4464
-1256,4457
-1257,4453
-1258,4448
-1259,4451
-1260,4445
-1261,4453
-1262,4426
-1263,4442
-1264,4444
-1265,4444
-1266,4433
-1267,4436
-1268,4424
-1269,4442
-1270,4432
-1271,4429
-1272,4418
-1273,4416
-1274,4425
-1275,4424
-1276,4408
-1277,4413
-1278,4418
-1279,4402
-1280,4422
-1281,4416
-1282,4406
-1283,4410
-1284,4403
-1285,4396
-1286,4403
-1287,4402
-1288,4414
-1289,4402
-1290,4400
-1291,4394
-1292,4397
-1293,4399
-1294,4399
-1295,4386
-1296,4384
-1297,4393
-1298,4381
-1299,4377
-1300,4382
-1301,4376
-1302,4382
-1303,4368
-1304,4383
-1305,4380
-1306,4378
-1307,4381
-1308,4377
-1309,4370
-1310,4380
-1311,4362
-1312,4374
-1313,4383
-1314,4381
-1315,4383
-1316,4383
-1317,4382
-1318,4380
-1319,4382
-1320,4385
-1321,4384
-1322,4380
-1323,4382
-1324,4378
-1325,4376
-1326,4377
-1327,4376
-1328,4383
-1329,4389
-1330,4372
-1331,4370
-1332,4373
-1333,4381
-1334,4373
-1335,4386
-1336,4367
-1337,4386
-1338,4380
-1339,4373
-1340,4377
-1341,4383
-1342,4373
-1343,4373
-1344,4375
-1345,4361
-1346,4373
-1347,4376
-1348,4366
-1349,4371
-1350,4368
-1351,4373
-1352,4385
-1353,4389
-1354,4383
-1355,4384
-1356,4386
-1357,4394
-1358,4381
-1359,4389
-1360,4392
-1361,4377
-1362,4384
-1363,4394
-1364,4385
-1365,4385
-1366,4386
-1367,4394
-1368,4385
-1369,4393
-1370,4388
-1371,4391
-1372,4378
-1373,4380
-1374,4384
-1375,4387
-1376,4386
-1377,4380
-1378,4399
-1379,4392
-1380,4379
-1381,4388
-1382,4388
-1383,4381
-1384,4393
-1385,4388
-1386,4388
-1387,4376
-1388,4375
-1389,4392
-1390,4383
-1391,4380
-1392,4375
-1393,4382
-1394,4378
-1395,4375
-1396,4361
-1397,4381
-1398,4377
-1399,4383
-1400,4391
-1401,4371
-1402,4375
-1403,4367
-1404,4375
-1405,4369
-1406,4371
-1407,4366
-1408,4362
-1409,4362
-1410,4356
-1411,4366
-1412,4371
-1413,4361
-1414,4362
-1415,4364
-1416,4353
-1417,4354
-1418,4365
-1419,4352
-1420,4352
-1421,4347
-1422,4343
-1423,4350
-1424,4358
-1425,4350
-1426,4350
-1427,4365
-1428,4358
-1429,4349
-1430,4360
-1431,4353
-1432,4340
-1433,4347
-1434,4361
-1435,4346
-1436,4355
-1437,4347
-1438,4344
-1439,4346
-1440,4337
-1441,4345
-1442,4351
-1443,4345
-1444,4348
-1445,4343
-1446,4347
-1447,4349
-1448,4341
-1449,4353
-1450,4347
-1451,4353
-1452,4345
-1453,4338
-1454,4339
-1455,4347
-1456,4350
-1457,4337
-1458,4358
-1459,4350
-1460,4346
-1461,4353
-1462,4352
-1463,4352
-1464,4351
-1465,4351
-1466,4335
-1467,4351
-1468,4360
-1469,4351
-1470,4350
-1471,4338
-1472,4340
-1473,4356
-1474,4345
-1475,4341
-1476,4351
-1477,4341
-1478,4347
-1479,4353
-1480,4348
-1481,4353
-1482,4345
-1483,4349
-1484,4352
-1485,4356
-1486,4357
-1487,4347
-1488,4340
-1489,4363
-1490,4346
-1491,4348
-1492,4356
-1493,4341
-1494,4347
-1495,4351
-1496,4354
-1497,4338
-1498,4351
-1499,4338
-1500,4343
-1501,4337
-1502,4346
-1503,4356
-1504,4354
-1505,4357
-1506,4351
-1507,4361
-1508,4351
-1509,4336
-1510,4357
-1511,4352
-1512,4348
-1513,4355
-1514,4351
-1515,4359
-1516,4360
-1517,4347
-1518,4352
-1519,4360
-1520,4357
-1521,4358
-1522,4356
-1523,4358
-1524,4349
-1525,4360
-1526,4361
-1527,4355
-1528,4372
-1529,4365
-1530,4377
-1531,4361
-1532,4355
-1533,4357
-1534,4373
-1535,4377
-1536,4363
-1537,4371
-1538,4361
-1539,4364
-1540,4361
-1541,4364
-1542,4370
-1543,4364
-1544,4369
-1545,4368
-1546,4370
-1547,4365
-1548,4357
-1549,4368
-1550,4368
-1551,4352
-1552,4363
-1553,4367
-1554,4354
-1555,4356
-1556,4343
-1557,4360
-1558,4350
-1559,4365
-1560,4360
-1561,4356
-1562,4352
-1563,4356
-1564,4359
-1565,4367
-1566,4355
-1567,4359
-1568,4365
-1569,4354
-1570,4350
-1571,4361
-1572,4365
-1573,4366
-1574,4372
-1575,4354
-1576,4361
-1577,4370
-1578,4356
-1579,4360
-1580,4364
-1581,4370
-1582,4362
-1583,4375
-1584,4369
-1585,4371
-1586,4361
-1587,4365
-1588,4365
-1589,4371
-1590,4367
-1591,4373
-1592,4369
-1593,4371
-1594,4373
-1595,4377
-1596,4373
-1597,4377
-1598,4376
-1599,4367
-1600,4370
-1601,4376
-1602,4378
-1603,4373
-1604,4371
-1605,4373
-1606,4363
-1607,4377
-1608,4376
-1609,4375
-1610,4378
-1611,4371
-1612,4388
-1613,4380
-1614,4380
-1615,4375
-1616,4379
-1617,4388
-1618,4379
-1619,4366
-1620,4389
-1621,4382
-1622,4384
-1623,4389
-1624,4392
-1625,4379
-1626,4388
-1627,4396
-1628,4384
-1629,4391
-1630,4395
-1631,4388
-1632,4393
-1633,4396
-1634,4397
-1635,4392
-1636,4388
-1637,4381
-1638,4393
-1639,4398
-1640,4395
-1641,4390
-1642,4388
-1643,4389
-1644,4381
-1645,4382
-1646,4380
-1647,4382
-1648,4387
-1649,4381
-1650,4385
-1651,4370
-1652,4376
-1653,4382
-1654,4383
-1655,4381
-1656,4384
-1657,4381
-1658,4377
-1659,4386
-1660,4372
-1661,4372
-1662,4377
-1663,4370
-1664,4368
-1665,4376
-1666,4387
-1667,4377
-1668,4390
-1669,4375
-1670,4365
-1671,4358
-1672,4375
-1673,4375
-1674,4364
-1675,4367
-1676,4364
-1677,4369
-1678,4366
-1679,4370
-1680,4360
-1681,4370
-1682,4364
-1683,4354
-1684,4358
-1685,4360
-1686,4357
-1687,4361
-1688,4364
-1689,4364
-1690,4358
-1691,4341
-1692,4362
-1693,4365
-1694,4354
-1695,4356
-1696,4359
-1697,4356
-1698,4352
-1699,4346
-1700,4354
-1701,4351
-1702,4363
-1703,4349
-1704,4342
-1705,4355
-1706,4351
-1707,4348
-1708,4357
-1709,4356
-1710,4358
-1711,4350
-1712,4348
-1713,4338
-1714,4347
-1715,4336
-1716,4343
-1717,4353
-1718,4352
-1719,4344
-1720,4352
-1721,4357
-1722,4347
-1723,4341
-1724,4340
-1725,4350
-1726,4348
-1727,4354
-1728,4347
-1729,4345
-1730,4345
-1731,4357
-1732,4336
-1733,4339
-1734,4347
-1735,4348
-1736,4351
-1737,4354
-1738,4362
-1739,4359
-1740,4361
-1741,4351
-1742,4358
-1743,4357
-1744,4353
-1745,4354
-1746,4357
-1747,4360
-1748,4357
-1749,4350
-1750,4352
-1751,4355
-1752,4343
-1753,4358
-1754,4344
-1755,4353
-1756,4355
-1757,4349
-1758,4347
-1759,4349
-1760,4335
-1761,4359
-1762,4349
-1763,4337
-1764,4345
-1765,4353
-1766,4360
-1767,4353
-1768,4355
-1769,4358
-1770,4344
-1771,4340
-1772,4344
-1773,4352
-1774,4345
-1775,4353
-1776,4338
-1777,4349
-1778,4350
-1779,4342
-1780,4355
-1781,4343
-1782,4345
-1783,4342
-1784,4348
-1785,4344
-1786,4345
-1787,4360
-1788,4341
-1789,4349
-1790,4359
-1791,4345
-1792,4357
-1793,4350
-1794,4351
-1795,4345
-1796,4342
-1797,4347
-1798,4360
-1799,4346
-1800,4359
-1801,4338
-1802,4368
-1803,4351
-1804,4346
-1805,4352
-1806,4345
-1807,4352
-1808,4343
-1809,4345
-1810,4336
-1811,4357
-1812,4350
-1813,4333
-1814,4334
-1815,4344
-1816,4343
-1817,4347
-1818,4343
-1819,4341
-1820,4340
-1821,4345
-1822,4337
-1823,4341
-1824,4347
-1825,4350
-1826,4341
-1827,4344
-1828,4350
-1829,4353
-1830,4347
-1831,4350
-1832,4346
-1833,4337
-1834,4343
-1835,4347
-1836,4341
-1837,4337
-1838,4350
-1839,4335
-1840,4344
-1841,4334
-1842,4339
-1843,4342
-1844,4333
-1845,4336
-1846,4335
-1847,4349
-1848,4335
-1849,4342
-1850,4339
-1851,4337
-1852,4335
-1853,4344
-1854,4331
-1855,4343
-1856,4352
-1857,4347
-1858,4338
-1859,4343
-1860,4343
-1861,4353
-1862,4352
-1863,4352
-1864,4344
-1865,4348
-1866,4349
-1867,4348
-1868,4349
-1869,4337
-1870,4349
-1871,4348
-1872,4358
-1873,4350
-1874,4352
-1875,4340
-1876,4353
-1877,4353
-1878,4354
-1879,4353
-1880,4353
-1881,4348
-1882,4352
-1883,4348
-1884,4353
-1885,4347
-1886,4354
-1887,4350
-1888,4343
-1889,4344
-1890,4354
-1891,4349
-1892,4355
-1893,4345
-1894,4341
-1895,4352
-1896,4354
-1897,4356
-1898,4361
-1899,4343
-1900,4355
-1901,4345
-1902,4365
-1903,4361
-1904,4359
-1905,4350
-1906,4354
-1907,4345
-1908,4359
-1909,4353
-1910,4352
-1911,4350
-1912,4343
-1913,4355
-1914,4357
-1915,4364
-1916,4362
-1917,4347
-1918,4355
-1919,4359
-1920,4347
-1921,4363
-1922,4353
-1923,4350
-1924,4346
-1925,4350
-1926,4341
-1927,4343
-1928,4349
-1929,4339
-1930,4345
-1931,4341
-1932,4351
-1933,4345
-1934,4344
-1935,4346
-1936,4344
-1937,4327
-1938,4344
-1939,4344
-1940,4343
-1941,4337
-1942,4340
-1943,4341
-1944,4325
-1945,4328
-1946,4343
-1947,4318
-1948,4332
-1949,4334
-1950,4342
-1951,4333
-1952,4337
-1953,4341
-1954,4340
-1955,4349
-1956,4326
-1957,4321
-1958,4337
-1959,4341
-1960,4330
-1961,4328
-1962,4331
-1963,4337
-1964,4326
-1965,4323
-1966,4333
-1967,4334
-1968,4337
-1969,4343
-1970,4338
-1971,4323
-1972,4326
-1973,4341
-1974,4326
-1975,4334
-1976,4323
-1977,4331
-1978,4326
-1979,4329
-1980,4330
-1981,4336
-1982,4331
-1983,4329
-1984,4335
-1985,4326
-1986,4337
-1987,4340
-1988,4326
-1989,4340
-1990,4339
-1991,4327
-1992,4336
-1993,4334
-1994,4337
-1995,4335
-1996,4338
-1997,4341
-1998,4330
-1999,4332
-2000,4332
-2001,4342
-2002,4333
-2003,4341
-2004,4333
-2005,4345
-2006,4342
-2007,4352
-2008,4348
-2009,4345
-2010,4357
-2011,4330
-2012,4346
-2013,4330
-2014,4341
-2015,4341
-2016,4336
-2017,4344
-2018,4339
-2019,4334
-2020,4334
-2021,4348
-2022,4338
-2023,4349
-2024,4350
-2025,4344
-2026,4335
-2027,4325
-2028,4348
-2029,4345
-2030,4346
-2031,4337
-2032,4333
-2033,4337
-2034,4333
-2035,4335
-2036,4337
-2037,4335
-2038,4342
-2039,4335
-2040,4344
-2041,4339
-2042,4334
-2043,4328
-2044,4339
-2045,4331
-2046,4344
-2047,4333
-2048,4334
-2049,4347
-2050,4342
-2051,4345
-2052,4340
-2053,4338
-2054,4339
-2055,4345
-2056,4338
-2057,4343
-2058,4341
-2059,4350
-2060,4331
-2061,4333
-2062,4335
-2063,4335
-2064,4342
-2065,4328
-2066,4331
-2067,4335
-2068,4339
-2069,4330
-2070,4336
-2071,4342
-2072,4334
-2073,4331
-2074,4343
-2075,4341
-2076,4323
-2077,4334
-2078,4336
-2079,4335
-2080,4333
-2081,4337
-2082,4335
-2083,4337
-2084,4331
-2085,4325
-2086,4343
-2087,4330
-2088,4336
-2089,4338
-2090,4334
-2091,4334
-2092,4330
-2093,4332
-2094,4323
-2095,4337
-2096,4339
-2097,4331
-2098,4325
-2099,4329
-2100,4328
-2101,4334
-2102,4336
-2103,4329
-2104,4324
-2105,4334
-2106,4330
-2107,4331
-2108,4339
-2109,4324
-2110,4333
-2111,4331
-2112,4332
-2113,4321
-2114,4329
-2115,4324
-2116,4333
-2117,4326
-2118,4331
-2119,4326
-2120,4332
-2121,4322
-2122,4319
-2123,4326
-2124,4334
-2125,4327
-2126,4325
-2127,4318
-2128,4328
-2129,4323
-2130,4322
-2131,4333
-2132,4331
-2133,4326
-2134,4334
-2135,4330
-2136,4324
-2137,4323
-2138,4331
-2139,4320
-2140,4320
-2141,4304
-2142,4325
-2143,4322
-2144,4315
-2145,4323
-2146,4311
-2147,4324
-2148,4326
-2149,4316
-2150,4320
-2151,4313
-2152,4315
-2153,4331
-2154,4318
-2155,4316
-2156,4321
-2157,4325
-2158,4317
-2159,4321
-2160,4315
-2161,4314
-2162,4319
-2163,4319
-2164,4331
-2165,4311
-2166,4306
-2167,4323
-2168,4325
-2169,4309
-2170,4310
-2171,4317
-2172,4311
-2173,4312
-2174,4308
-2175,4295
-2176,4314
-2177,4315
-2178,4308
-2179,4318
-2180,4304
-2181,4301
-2182,4304
-2183,4315
-2184,4298
-2185,4317
-2186,4315
-2187,4299
-2188,4314
-2189,4311
-2190,4309
-2191,4311
-2192,4320
-2193,4319
-2194,4307
-2195,4301
-2196,4322
-2197,4313
-2198,4308
-2199,4312
-2200,4303
-2201,4314
-2202,4317
-2203,4317
-2204,4307
-2205,4312
-2206,4312
-2207,4309
-2208,4318
-2209,4314
-2210,4312
-2211,4319
-2212,4324
-2213,4311
-2214,4311
-2215,4324
-2216,4335
-2217,4319
-2218,4326
-2219,4319
-2220,4321
-2221,4319
-2222,4318
-2223,4316
-2224,4328
-2225,4324
-2226,4330
-2227,4316
-2228,4322
-2229,4325
-2230,4325
-2231,4317
-2232,4321
-2233,4321
-2234,4310
-2235,4317
-2236,4312
-2237,4317
-2238,4314
-2239,4320
-2240,4314
-2241,4322
-2242,4329
-2243,4311
-2244,4305
-2245,4318
-2246,4327
-2247,4321
-2248,4321
-2249,4316
-2250,4328
-2251,4323
-2252,4322
-2253,4334
-2254,4330
-2255,4327
-2256,4323
-2257,4317
-2258,4339
-2259,4330
-2260,4331
-2261,4327
-2262,4319
-2263,4318
-2264,4322
-2265,4332
-2266,4317
-2267,4320
-2268,4326
-2269,4321
-2270,4319
-2271,4313
-2272,4321
-2273,4326
-2274,4333
-2275,4321
-2276,4329
-2277,4325
-2278,4314
-2279,4328
-2280,4318
-2281,4322
-2282,4325
-2283,4320
-2284,4322
-2285,4300
-2286,4319
-2287,4317
-2288,4308
-2289,4325
-2290,4320
-2291,4313
-2292,4321
-2293,4324
-2294,4306
-2295,4333
-2296,4319
-2297,4313
-2298,4322
-2299,4322
-2300,4317
-2301,4321
-2302,4323
