3000,4901
2999,4237
2998,4232
2997,4227
2996,4233
2995,4227
2994,4235
2993,4246
2992,4249
2991,4245
2990,4237
2989,4248
2988,4234
2987,4239
2986,4238
2985,4236
2984,4247
2983,4247
2982,4241
2981,4236
2980,4241
2979,4230
2978,4241
2977,4239
2976,4241
2975,4245
2974,4226
2973,4231
2972,4232
2971,4229
2970,4239
2969,4234
2968,4228
2967,4234
2966,4229
2965,4227
2964,4234
2963,4233
2962,4232
2961,4234
2960,4233
2959,4231
2958,4233
2957,4245
2956,4242
2955,4245
2954,4256
2953,4261
2952,4253
2951,4248
2950,4248
2949,4250
2948,4255
2947,4249
2946,4242
2945,4252
2944,4244
2943,4252
2942,4245
2941,4257
2940,4248
2939,4247
2938,4247
2937,4247
2936,4255
2935,4247
2934,4240
2933,4239
2932,4223
2931,4246
2930,4228
2929,4240
2928,4232
2927,4235
2926,4245
2925,4262
2924,4252
2923,4232
2922,4236
2921,4242
2920,4263
2919,4252
2918,4260
2917,4262
2916,4260
2915,4262
2914,4250
2913,4247
2912,4244
2911,4236
2910,4238
2909,4227
2908,4222
2907,4231
2906,4238
2905,4245
2904,4230
2903,4243
2902,4238
2901,4253
2900,4236
2899,4234
2898,4236
2897,4227
2896,4232
2895,4238
2894,4236
2893,4232
2892,4220
2891,4216
2890,4224
2889,4224
2888,4218
2887,4210
2886,4237
2885,4226
2884,4222
2883,4224
2882,4231
2881,4227
2880,4220
2879,4225
2878,4232
2877,4232
2876,4217
2875,4231
2874,4232
2873,4225
2872,4238
2871,4230
2870,4245
2869,4227
2868,4228
2867,4217
2866,4227
2865,4235
2864,4226
2863,4220
2862,4228
2861,4232
2860,4235
2859,4235
2858,4221
2857,4222
2856,4231
2855,4231
2854,4227
2853,4234
2852,4225
2851,4223
2850,4228
2849,4234
2848,4225
2847,4227
2846,4224
2845,4229
2844,4229
2843,4226
2842,4224
2841,4233
2840,4232
2839,4239
2838,4244
2837,4231
2836,4225
2835,4227
2834,4234
2833,4232
2832,4239
2831,4229
2830,4245
2829,4240
2828,4230
2827,4231
2826,4232
2825,4225
2824,4240
2823,4243
2822,4233
2821,4233
2820,4225
2819,4225
2818,4229
2817,4227
2816,4231
2815,4233
2814,4241
2813,4227
2812,4234
2811,4225
2810,4236
2809,4231
2808,4231
2807,4240
2806,4226
2805,4235
2804,4229
2803,4228
2802,4237
2801,4217
2800,4237
2799,4245
2798,4238
2797,4240
2796,4220
2795,4233
2794,4237
2793,4231
2792,4226
2791,4217
2790,4228
2789,4223
2788,4236
2787,4229
2786,4244
2785,4227
2784,4236
2783,4244
2782,4225
2781,4229
2780,4235
2779,4225
2778,4222
2777,4234
2776,4235
2775,4234
2774,4236
2773,4233
2772,4230
2771,4231
2770,4215
2769,4235
2768,4240
2767,4229
2766,4229
2765,4228
2764,4231
2763,4242
2762,4232
2761,4238
2760,4230
2759,4234
2758,4218
2757,4244
2756,4236
2755,4230
2754,4226
2753,4230
2752,4233
2751,4222
2750,4239
2749,4229
2748,4228
2747,4228
2746,4236
2745,4225
2744,4241
2743,4234
2742,4248
2741,4229
2740,4241
2739,4236
2738,4229
2737,4236
2736,4225
2735,4239
2734,4230
2733,4237
2732,4220
2731,4230
2730,4228
2729,4238
2728,4234
2727,4236
2726,4245
2725,4232
2724,4245
2723,4232
2722,4233
2721,4233
2720,4230
2719,4234
2718,4242
2717,4242
2716,4236
2715,4247
2714,4234
2713,4229
2712,4237
2711,4236
2710,4231
2709,4244
2708,4236
2707,4244
2706,4240
2705,4239
2704,4237
2703,4241
2702,4244
2701,4244
2700,4235
2699,4240
2698,4236
2697,4238
2696,4245
2695,4245
2694,4232
2693,4247
2692,4246
2691,4245
2690,4235
2689,4227
2688,4241
2687,4242
2686,4243
2685,4239
2684,4232
2683,4238
2682,4245
2681,4236
2680,4237
2679,4245
2678,4223
2677,4235
2676,4227
2675,4227
2674,4224
2673,4230
2672,4241
2671,4241
2670,4230
2669,4235
2668,4241
2667,4230
2666,4233
2665,4240
2664,4235
2663,4237
2662,4242
2661,4228
2660,4246
2659,4232
2658,4237
2657,4225
2656,4216
2655,4223
2654,4219
2653,4219
2652,4228
2651,4222
2650,4226
2649,4230
2648,4223
2647,4226
2646,4208
2645,4223
2644,4216
2643,4221
2642,4221
2641,4238
2640,4235
2639,4228
2638,4222
2637,4227
2636,4228
2635,4239
2634,4231
2633,4235
2632,4216
2631,4230
2630,4230
2629,4227
2628,4221
2627,4226
2626,4236
2625,4213
2624,4221
2623,4232
2622,4246
2621,4223
2620,4231
2619,4242
2618,4231
2617,4225
2616,4219
2615,4213
2614,4226
2613,4217
2612,4224
2611,4225
2610,4237
2609,4219
2608,4225
2607,4235
2606,4226
2605,4229
2604,4222
2603,4229
2602,4217
2601,4217
2600,4217
2599,4217
2598,4215
2597,4223
2596,4217
2595,4222
2594,4223
2593,4228
2592,4227
2591,4238
2590,4225
2589,4223
2588,4226
2587,4233
2586,4236
2585,4230
2584,4238
2583,4223
2582,4233
2581,4232
2580,4225
2579,4226
2578,4224
2577,4230
2576,4226
2575,4242
2574,4232
2573,4246
2572,4236
2571,4230
2570,4231
2569,4243
2568,4238
2567,4233
2566,4230
2565,4235
2564,4226
2563,4235
2562,4238
2561,4225
2560,4220
2559,4234
2558,4230
2557,4230
2556,4228
2555,4229
2554,4238
2553,4234
2552,4235
2551,4245
2550,4234
2549,4245
2548,4237
2547,4238
2546,4245
2545,4243
2544,4245
2543,4251
2542,4248
2541,4250
2540,4243
2539,4232
2538,4235
2537,4231
2536,4229
2535,4235
2534,4227
2533,4229
2532,4230
2531,4240
2530,4225
2529,4233
2528,4222
2527,4231
2526,4235
2525,4224
2524,4234
2523,4235
2522,4228
2521,4225
2520,4225
2519,4245
2518,4218
2517,4229
2516,4234
2515,4235
2514,4233
2513,4225
2512,4237
2511,4221
2510,4225
2509,4228
2508,4228
2507,4227
2506,4236
2505,4214
2504,4224
2503,4219
2502,4228
2501,4245
2500,4222
2499,4230
2498,4221
2497,4214
2496,4223
2495,4231
2494,4230
2493,4224
2492,4221
2491,4213
2490,4216
2489,4220
2488,4216
2487,4228
2486,4221
2485,4223
2484,4240
2483,4226
2482,4230
2481,4223
2480,4221
2479,4231
2478,4226
2477,4232
2476,4233
2475,4230
2474,4233
2473,4239
2472,4228
2471,4235
2470,4230
2469,4232
2468,4237
2467,4245
2466,4238
2465,4240
2464,4237
2463,4225
2462,4223
2461,4234
2460,4217
2459,4239
2458,4234
2457,4242
2456,4229
2455,4224
2454,4240
2453,4231
2452,4230
2451,4229
2450,4228
2449,4232
2448,4242
2447,4242
2446,4218
2445,4233
2444,4242
2443,4230
2442,4240
2441,4243
2440,4237
2439,4236
2438,4238
2437,4220
2436,4230
2435,4234
2434,4231
2433,4231
2432,4230
2431,4238
2430,4223
2429,4233
2428,4228
2427,4229
2426,4220
2425,4231
2424,4220
2423,4231
2422,4235
2421,4239
2420,4232
2419,4232
2418,4243
2417,4225
2416,4234
2415,4229
2414,4232
2413,4232
2412,4228
2411,4225
2410,4226
2409,4223
2408,4225
2407,4231
2406,4239
2405,4226
2404,4229
2403,4233
2402,4228
2401,4232
2400,4226
2399,4229
2398,4224
2397,4228
2396,4227
2395,4236
2394,4233
2393,4235
2392,4234
2391,4239
2390,4236
2389,4229
2388,4224
2387,4229
2386,4231
2385,4228
2384,4233
2383,4234
2382,4239
2381,4229
2380,4225
2379,4225
2378,4233
2377,4236
2376,4234
2375,4228
2374,4228
2373,4223
2372,4233
2371,4224
2370,4232
2369,4232
2368,4213
2367,4228
2366,4230
2365,4235
2364,4235
2363,4224
2362,4232
2361,4228
2360,4233
2359,4223
2358,4226
2357,4220
2356,4225
2355,4233
2354,4235
2353,4214
2352,4226
2351,4222
2350,4224
2349,4225
2348,4222
2347,4222
2346,4225
2345,4235
2344,4216
2343,4219
2342,4217
2341,4227
2340,4213
2339,4220
2338,4236
2337,4218
2336,4231
2335,4221
2334,4221
2333,4230
2332,4226
2331,4236
2330,4219
2329,4230
2328,4216
2327,4223
2326,4220
2325,4221
2324,4230
2323,4221
2322,4226
2321,4228
2320,4234
2319,4223
2318,4224
2317,4234
2316,4233
2315,4218
2314,4220
2313,4232
2312,4214
2311,4230
2310,4223
2309,4214
2308,4216
2307,4222
2306,4228
2305,4229
2304,4229
2303,4229
2302,4219
2301,4225
2300,4222
2299,4218
2298,4212
2297,4209
2296,4216
2295,4222
2294,4226
2293,4223
2292,4214
2291,4216
2290,4227
2289,4230
2288,4221
2287,4218
2286,4213
2285,4223
2284,4226
2283,4216
2282,4217
2281,4217
2280,4233
2279,4222
2278,4232
2277,4220
2276,4212
2275,4229
2274,4220
2273,4222
2272,4225
2271,4219
2270,4223
2269,4223
2268,4232
2267,4223
2266,4226
2265,4224
2264,4217
2263,4220
2262,4225
2261,4222
2260,4231
2259,4231
2258,4229
2257,4229
2256,4229
2255,4226
2254,4234
2253,4227
2252,4227
2251,4225
2250,4217
2249,4222
2248,4218
2247,4231
2246,4231
2245,4232
2244,4226
2243,4232
2242,4229
2241,4238
2240,4231
2239,4221
2238,4216
2237,4223
2236,4215
2235,4249
2234,4218
2233,4227
2232,4230
2231,4220
2230,4221
2229,4225
2228,4227
2227,4227
2226,4234
2225,4228
2224,4229
2223,4229
2222,4226
2221,4227
2220,4218
2219,4229
2218,4225
2217,4239
2216,4227
2215,4228
2214,4239
2213,4230
2212,4222
2211,4237
2210,4221
2209,4233
2208,4237
2207,4231
2206,4224
2205,4225
2204,4238
2203,4227
2202,4231
2201,4237
2200,4237
2199,4233
2198,4220
2197,4229
2196,4231
2195,4224
2194,4222
2193,4227
2192,4226
2191,4228
2190,4220
2189,4226
2188,4229
2187,4220
2186,4218
2185,4225
2184,4235
2183,4225
2182,4223
2181,4225
2180,4226
2179,4230
2178,4223
2177,4227
2176,4226
2175,4224
2174,4227
2173,4227
2172,4238
2171,4211
2170,4226
2169,4216
2168,4218
2167,4219
2166,4231
2165,4215
2164,4224
2163,4236
2162,4223
2161,4217
2160,4213
2159,4215
2158,4215
2157,4231
2156,4203
2155,4220
2154,4214
2153,4219
2152,4219
2151,4223
2150,4220
2149,4220
2148,4225
2147,4216
2146,4216
2145,4222
2144,4218
2143,4214
2142,4214
2141,4211
2140,4217
2139,4224
2138,4226
2137,4209
2136,4219
2135,4221
2134,4215
2133,4217
2132,4217
2131,4217
2130,4233
2129,4226
2128,4215
2127,4225
2126,4214
2125,4233
2124,4223
2123,4222
2122,4210
2121,4217
2120,4215
2119,4230
2118,4226
2117,4226
2116,4228
2115,4215
2114,4213
2113,4226
2112,4227
2111,4212
2110,4219
2109,4218
2108,4219
2107,4214
2106,4220
2105,4233
2104,4220
2103,4232
2102,4224
2101,4219
2100,4233
2099,4234
2098,4225
2097,4222
2096,4225
2095,4231
2094,4228
2093,4230
2092,4226
2091,4221
2090,4221
2089,4227
2088,4221
2087,4228
2086,4224
2085,4218
2084,4209
2083,4219
2082,4225
2081,4219
2080,4224
2079,4224
2078,4225
2077,4217
2076,4214
2075,4225
2074,4227
2073,4224
2072,4229
2071,4232
2070,4228
2069,4224
2068,4234
2067,4235
2066,4218
2065,4215
2064,4231
2063,4225
2062,4222
2061,4226
2060,4225
2059,4238
2058,4231
2057,4226
2056,4234
2055,4227
2054,4220
2053,4227
2052,4215
2051,4238
2050,4223
2049,4217
2048,4220
2047,4211
2046,4223
2045,4227
2044,4233
2043,4215
2042,4223
2041,4228
2040,4223
2039,4246
2038,4216
2037,4222
2036,4235
2035,4211
2034,4224
2033,4222
2032,4212
2031,4213
2030,4250
2029,4213
2028,4226
2027,4248
2026,4219
2025,4218
2024,4220
2023,4228
2022,4225
2021,4222
2020,4227
2019,4225
2018,4228
2017,4220
2016,4212
2015,4231
2014,4223
2013,4226
2012,4224
2011,4224
2010,4211
2009,4232
2008,4229
2007,4223
2006,4233
2005,4223
2004,4221
2003,4218
2002,4220
2001,4240
2000,4242
1999,4224
1998,4233
1997,4222
1996,4221
1995,4226
1994,4233
1993,4233
1992,4234
1991,4238
1990,4230
1989,4228
1988,4228
1987,4224
1986,4231
1985,4228
1984,4231
1983,4237
1982,4230
1981,4226
1980,4237
1979,4222
1978,4222
1977,4213
1976,4230
1975,4224
1974,4225
1973,4226
1972,4229
1971,4239
1970,4224
1969,4216
1968,4219
1967,4227
1966,4232
1965,4221
1964,4229
1963,4232
1962,4228
1961,4229
1960,4220
1959,4227
1958,4217
1957,4230
1956,4226
1955,4229
1954,4218
1953,4227
1952,4228
1951,4225
1950,4241
1949,4225
1948,4230
1947,4235
1946,4229
1945,4229
1944,4231
1943,4222
1942,4225
1941,4230
1940,4228
1939,4237
1938,4232
1937,4228
1936,4227
1935,4227
1934,4246
1933,4229
1932,4228
1931,4221
1930,4227
1929,4226
1928,4209
1927,4223
1926,4233
1925,4217
1924,4227
1923,4224
1922,4223
1921,4232
1920,4219
1919,4231
1918,4221
1917,4225
1916,4224
1915,4223
1914,4231
1913,4218
1912,4232
1911,4228
1910,4225
1909,4229
1908,4236
1907,4237
1906,4225
1905,4235
1904,4223
1903,4224
1902,4234
1901,4233
1900,4235
1899,4234
1898,4237
1897,4233
1896,4225
1895,4223
1894,4224
1893,4231
1892,4231
1891,4230
1890,4237
1889,4231
1888,4221
1887,4233
1886,4239
1885,4249
1884,4235
1883,4235
1882,4234
1881,4234
1880,4230
1879,4224
1878,4227
1877,4232
1876,4240
1875,4237
1874,4232
1873,4232
1872,4238
1871,4228
1870,4228
1869,4236
1868,4227
1867,4224
1866,4238
1865,4221
1864,4234
1863,4230
1862,4223
1861,4234
1860,4232
1859,4229
1858,4231
1857,4234
1856,4231
1855,4226
1854,4232
1853,4226
1852,4221
1851,4235
1850,4228
1849,4224
1848,4231
1847,4226
1846,4225
1845,4236
1844,4233
1843,4238
1842,4219
1841,4228
1840,4232
1839,4225
1838,4225
1837,4230
1836,4231
1835,4221
1834,4225
1833,4222
1832,4226
1831,4226
1830,4214
1829,4213
1828,4227
1827,4225
1826,4215
1825,4234
1824,4223
1823,4216
1822,4231
1821,4218
1820,4219
1819,4227
1818,4222
1817,4219
1816,4230
1815,4223
1814,4233
1813,4229
1812,4233
1811,4232
1810,4221
1809,4219
1808,4227
1807,4225
1806,4223
1805,4221
1804,4225
1803,4234
1802,4227
1801,4231
1800,4225
1799,4218
1798,4224
1797,4216
1796,4234
1795,4236
1794,4213
1793,4210
1792,4234
1791,4229
1790,4221
1789,4224
1788,4235
1787,4221
1786,4217
1785,4216
1784,4225
1783,4228
1782,4226
1781,4232
1780,4223
1779,4225
1778,4225
1777,4220
1776,4218
1775,4236
1774,4233
1773,4221
1772,4232
1771,4231
1770,4222
1769,4228
1768,4222
1767,4237
1766,4228
1765,4226
1764,4233
1763,4228
1762,4222
1761,4233
1760,4232
1759,4233
1758,4245
1757,4242
1756,4236
1755,4228
1754,4233
1753,4233
1752,4212
1751,4229
1750,4225
1749,4231
1748,4235
1747,4231
1746,4224
1745,4229
1744,4235
1743,4227
1742,4219
1741,4231
1740,4221
1739,4235
1738,4239
1737,4236
1736,4229
1735,4228
1734,4236
1733,4236
1732,4225
1731,4233
1730,4234
1729,4219
1728,4233
1727,4234
1726,4230
1725,4225
1724,4228
1723,4225
1722,4233
1721,4225
1720,4232
1719,4229
1718,4225
1717,4223
1716,4230
1715,4232
1714,4233
1713,4230
1712,4227
1711,4236
1710,4234
1709,4227
1708,4226
1707,4238
1706,4237
1705,4232
1704,4230
1703,4240
1702,4236
1701,4234
1700,4237
1699,4229
1698,4240
1697,4234
1696,4226
1695,4216
1694,4236
1693,4234
1692,4236
1691,4226
1690,4224
1689,4231
1688,4232
1687,4223
1686,4219
1685,4241
1684,4226
1683,4229
1682,4239
1681,4235
1680,4242
1679,4231
1678,4229
1677,4238
1676,4230
1675,4227
1674,4236
1673,4233
1672,4229
1671,4229
1670,4226
1669,4229
1668,4240
1667,4228
1666,4234
1665,4232
1664,4234
1663,4229
1662,4224
1661,4236
1660,4223
1659,4230
1658,4228
1657,4225
1656,4243
1655,4239
1654,4233
1653,4230
1652,4230
1651,4224
1650,4242
1649,4235
1648,4231
1647,4230
1646,4239
1645,4237
1644,4227
1643,4235
1642,4228
1641,4231
1640,4233
1639,4234
1638,4230
1637,4222
1636,4226
1635,4232
1634,4237
1633,4224
1632,4238
1631,4236
1630,4232
1629,4221
1628,4222
1627,4250
1626,4231
1625,4225
1624,4223
1623,4231
1622,4223
1621,4231
1620,4232
1619,4215
1618,4228
1617,4219
1616,4223
1615,4213
1614,4230
1613,4221
1612,4224
1611,4234
1610,4224
1609,4222
1608,4228
1607,4220
1606,4220
1605,4229
1604,4227
1603,4217
1602,4236
1601,4222
1600,4232
1599,4234
1598,4219
1597,4220
1596,4232
1595,4228
1594,4222
1593,4231
1592,4229
1591,4216
1590,4214
1589,4211
1588,4223
1587,4224
1586,4220
1585,4238
1584,4221
1583,4235
1582,4223
1581,4220
1580,4232
1579,4230
1578,4231
1577,4231
1576,4230
1575,4224
1574,4223
1573,4221
1572,4213
1571,4232
1570,4227
1569,4235
1568,4221
1567,4217
1566,4219
1565,4224
1564,4223
1563,4227
1562,4216
1561,4226
1560,4230
1559,4227
1558,4233
1557,4225
1556,4228
1555,4236
1554,4227
1553,4221
1552,4229
1551,4232
1550,4230
1549,4219
1548,4230
1547,4236
1546,4221
1545,4237
1544,4221
1543,4219
1542,4226
1541,4231
1540,4222
1539,4227
1538,4222
1537,4234
1536,4236
1535,4238
1534,4230
1533,4239
1532,4238
1531,4234
1530,4226
1529,4227
1528,4231
1527,4233
1526,4230
1525,4234
1524,4241
1523,4232
1522,4224
1521,4230
1520,4234
1519,4232
1518,4226
1517,4219
1516,4234
1515,4239
1514,4238
1513,4234
1512,4247
1511,4224
1510,4236
1509,4239
1508,4231
1507,4237
1506,4233
1505,4231
1504,4232
1503,4245
1502,4234
1501,4224
1500,4230
1499,4225
1498,4242
1497,4238
1496,4232
1495,4223
1494,4233
1493,4226
1492,4233
1491,4237
1490,4217
1489,4235
1488,4232
1487,4234
1486,4231
1485,4227
1484,4229
1483,4252
1482,4248
1481,4241
1480,4226
1479,4232
1478,4240
1477,4231
1476,4225
1475,4248
1474,4239
1473,4243
1472,4237
1471,4227
1470,4238
1469,4232
1468,4235
1467,4238
1466,4240
1465,4238
1464,4239
1463,4238
1462,4247
1461,4243
1460,4232
1459,4236
1458,4234
1457,4243
1456,4226
1455,4239
1454,4233
1453,4228
1452,4222
1451,4230
1450,4234
1449,4233
1448,4231
1447,4216
1446,4215
1445,4231
1444,4226
1443,4225
1442,4224
1441,4219
1440,4226
1439,4215
1438,4234
1437,4228
1436,4231
1435,4233
1434,4229
1433,4229
1432,4228
1431,4229
1430,4234
1429,4230
1428,4238
1427,4231
1426,4234
1425,4235
1424,4235
1423,4224
1422,4240
1421,4220
1420,4236
1419,4234
1418,4231
1417,4223
1416,4234
1415,4235
1414,4236
1413,4222
1412,4235
1411,4244
1410,4233
1409,4239
1408,4224
1407,4236
1406,4229
1405,4226
1404,4239
1403,4216
1402,4242
1401,4237
1400,4236
1399,4229
1398,4230
1397,4223
1396,4230
1395,4219
1394,4220
1393,4237
1392,4227
1391,4228
1390,4226
1389,4230
1388,4231
1387,4227
1386,4226
1385,4221
1384,4220
1383,4223
1382,4227
1381,4222
1380,4223
1379,4219
1378,4229
1377,4235
1376,4221
1375,4215
1374,4226
1373,4228
1372,4215
1371,4240
1370,4212
1369,4225
1368,4214
1367,4217
1366,4214
1365,4216
1364,4227
1363,4225
1362,4219
1361,4219
1360,4230
1359,4219
1358,4229
1357,4229
1356,4217
1355,4221
1354,4225
1353,4220
1352,4221
1351,4222
1350,4215
1349,4223
1348,4224
1347,4233
1346,4227
1345,4229
1344,4225
1343,4207
1342,4219
1341,4222
1340,4228
1339,4217
1338,4223
1337,4225
1336,4223
1335,4230
1334,4224
1333,4217
1332,4222
1331,4221
1330,4222
1329,4235
1328,4227
1327,4220
1326,4221
1325,4216
1324,4228
1323,4217
1322,4221
1321,4232
1320,4229
1319,4208
1318,4216
1317,4210
1316,4228
1315,4219
1314,4235
1313,4221
1312,4234
1311,4231
1310,4228
1309,4225
1308,4218
1307,4225
1306,4238
1305,4234
1304,4213
1303,4229
1302,4221
1301,4245
1300,4225
1299,4227
1298,4228
1297,4228
1296,4231
1295,4223
1294,4218
1293,4218
1292,4227
1291,4235
1290,4220
1289,4223
1288,4227
1287,4222
1286,4236
1285,4237
1284,4230
1283,4236
1282,4219
1281,4233
1280,4218
1279,4219
1278,4219
1277,4216
1276,4222
1275,4218
1274,4230
1273,4223
1272,4213
1271,4219
1270,4217
1269,4226
1268,4216
1267,4231
1266,4232
1265,4226
1264,4229
1263,4232
1262,4228
1261,4229
1260,4226
1259,4229
1258,4214
1257,4226
1256,4219
1255,4217
1254,4228
1253,4239
1252,4233
1251,4232
1250,4223
1249,4226
1248,4233
1247,4230
1246,4221
1245,4234
1244,4228
1243,4233
1242,4233
1241,4236
1240,4226
1239,4223
1238,4225
1237,4222
1236,4231
1235,4240
1234,4233
1233,4228
1232,4221
1231,4220
1230,4226
1229,4227
1228,4218
1227,4224
1226,4226
1225,4225
1224,4232
1223,4225
1222,4232
1221,4231
1220,4215
1219,4230
1218,4215
1217,4229
1216,4240
1215,4232
1214,4224
1213,4217
1212,4225
1211,4234
1210,4225
1209,4230
1208,4237
1207,4217
1206,4222
1205,4229
1204,4227
1203,4223
1202,4215
1201,4221
1200,4238
1199,4226
1198,4236
1197,4225
1196,4219
1195,4227
1194,4221
1193,4237
1192,4222
1191,4230
1190,4229
1189,4231
1188,4221
1187,4240
1186,4232
1185,4231
1184,4214
1183,4233
1182,4232
1181,4232
1180,4223
1179,4210
1178,4235
1177,4219
1176,4225
1175,4222
1174,4222
1173,4219
1172,4223
1171,4228
1170,4212
1169,4226
1168,4220
1167,4222
1166,4216
1165,4225
1164,4222
1163,4213
1162,4222
1161,4210
1160,4224
1159,4210
1158,4214
1157,4222
1156,4217
1155,4222
1154,4220
1153,4229
1152,4227
1151,4225
1150,4233
1149,4224
1148,4237
1147,4228
1146,4224
1145,4223
1144,4217
1143,4213
1142,4218
1141,4242
1140,4225
1139,4220
1138,4228
1137,4232
1136,4221
1135,4228
1134,4229
1133,4222
1132,4232
1131,4226
1130,4204
1129,4220
1128,4228
1127,4235
1126,4225
1125,4218
1124,4233
1123,4215
1122,4228
1121,4228
1120,4215
1119,4225
1118,4229
1117,4227
1116,4228
1115,4242
1114,4228
1113,4227
1112,4214
1111,4226
1110,4224
1109,4224
1108,4222
1107,4236
1106,4238
1105,4220
1104,4231
1103,4221
1102,4222
1101,4237
1100,4233
1099,4231
1098,4224
1097,4227
1096,4232
1095,4225
1094,4232
1093,4238
1092,4240
1091,4223
1090,4229
1089,4230
1088,4240
1087,4232
1086,4233
1085,4224
1084,4221
1083,4236
1082,4222
1081,4228
1080,4222
1079,4227
1078,4227
1077,4225
1076,4226
1075,4227
1074,4230
1073,4220
1072,4240
1071,4222
1070,4210
1069,4232
1068,4228
1067,4220
1066,4225
1065,4227
1064,4235
1063,4223
1062,4229
1061,4226
1060,4230
1059,4225
1058,4220
1057,4222
1056,4227
1055,4230
1054,4230
1053,4227
1052,4225
1051,4234
1050,4238
1049,4219
1048,4234
1047,4227
1046,4236
1045,4227
1044,4225
1043,4218
1042,4224
1041,4245
1040,4238
1039,4235
1038,4225
1037,4234
1036,4241
1035,4223
1034,4224
1033,4226
1032,4234
1031,4230
1030,4237
1029,4236
1028,4230
1027,4229
1026,4231
1025,4236
1024,4241
1023,4239
1022,4234
1021,4229
1020,4230
1019,4225
1018,4241
1017,4218
1016,4228
1015,4225
1014,4232
1013,4232
1012,4231
1011,4232
1010,4234
1009,4223
1008,4226
1007,4230
1006,4220
1005,4236
1004,4241
1003,4230
1002,4227
1001,4236
1000,4227
999,4236
998,4241
997,4220
996,4227
995,4228
994,4230
993,4233
992,4234
991,4225
990,4231
989,4234
988,4225
987,4233
986,4244
985,4233
984,4242
983,4229
982,4237
981,4226
980,4229
979,4228
978,4230
977,4232
976,4231
975,4233
974,4235
973,4229
972,4237
971,4230
970,4241
969,4244
968,4246
967,4243
966,4221
965,4227
964,4236
963,4232
962,4235
961,4225
960,4230
959,4221
958,4222
957,4233
956,4239
955,4221
954,4227
953,4225
952,4233
951,4236
950,4229
949,4236
948,4249
947,4235
946,4228
945,4228
944,4229
943,4225
942,4242
941,4229
940,4233
939,4225
938,4243
937,4233
936,4239
935,4241
934,4232
933,4244
932,4240
931,4242
930,4247
929,4240
928,4232
927,4238
926,4233
925,4229
924,4231
923,4238
922,4219
921,4236
920,4222
919,4230
918,4224
917,4230
916,4219
915,4215
914,4223
913,4224
912,4221
911,4228
910,4221
909,4225
908,4232
907,4219
906,4225
905,4225
904,4223
903,4226
902,4211
901,4235
900,4217
899,4210
898,4207
897,4220
896,4230
895,4217
894,4213
893,4215
892,4220
891,4222
890,4220
889,4228
888,4224
887,4219
886,4230
885,4226
884,4219
883,4219
882,4231
881,4227
880,4233
879,4224
878,4220
877,4225
876,4225
875,4234
874,4228
873,4218
872,4224
871,4223
870,4225
869,4220
868,4218
867,4231
866,4229
865,4229
864,4215
863,4220
862,4207
861,4218
860,4225
859,4225
858,4223
857,4222
856,4228
855,4232
854,4216
853,4227
852,4227
851,4217
850,4229
849,4220
848,4215
847,4220
846,4217
845,4219
844,4219
843,4221
842,4216
841,4235
840,4220
839,4225
838,4220
837,4216
836,4220
835,4222
834,4219
833,4225
832,4215
831,4228
830,4228
829,4228
828,4220
827,4225
826,4224
825,4227
824,4228
823,4220
822,4219
821,4233
820,4230
819,4234
818,4227
817,4216
816,4226
815,4227
814,4224
813,4218
812,4234
811,4221
810,4218
809,4221
808,4216
807,4225
806,4230
805,4219
804,4234
803,4212
802,4223
801,4229
800,4230
799,4224
798,4223
797,4221
796,4232
795,4219
794,4220
793,4215
792,4226
791,4222
790,4235
789,4224
788,4224
787,4218
786,4227
785,4228
784,4222
783,4226
782,4225
781,4227
780,4227
779,4224
778,4231
777,4216
776,4224
775,4237
774,4232
773,4223
772,4212
771,4229
770,4232
769,4217
768,4223
767,4228
766,4233
765,4223
764,4234
763,4222
762,4228
761,4220
760,4218
759,4222
758,4225
757,4220
756,4228
755,4224
754,4230
753,4234
752,4236
751,4237
750,4226
749,4228
748,4230
747,4230
746,4227
745,4229
744,4234
743,4232
742,4228
741,4228
740,4222
739,4238
738,4223
737,4227
736,4228
735,4231
734,4234
733,4229
732,4235
731,4227
730,4225
729,4225
728,4227
727,4230
726,4227
725,4228
724,4240
723,4232
722,4223
721,4226
720,4229
719,4233
718,4223
717,4227
716,4230
715,4231
714,4227
713,4228
712,4215
711,4225
710,4224
709,4235
708,4221
707,4220
706,4219
705,4202
704,4224
703,4234
702,4227
701,4231
700,4214
699,4223
698,4217
697,4230
696,4219
695,4212
694,4222
693,4224
692,4216
691,4224
690,4232
689,4228
688,4226
687,4222
686,4216
685,4220
684,4218
683,4212
682,4216
681,4217
680,4217
679,4223
678,4229
677,4207
676,4224
675,4227
674,4222
673,4225
672,4220
671,4216
670,4232
669,4220
668,4225
667,4229
666,4217
665,4227
664,4221
663,4219
662,4216
661,4216
660,4233
659,4232
658,4229
657,4219
656,4228
655,4211
654,4228
653,4236
652,4224
651,4233
650,4229
649,4219
648,4226
647,4228
646,4224
645,4234
644,4219
643,4231
642,4230
641,4219
640,4234
639,4229
638,4243
637,4216
636,4233
635,4214
634,4221
633,4218
632,4227
631,4226
630,4216
629,4221
628,4221
627,4227
626,4216
625,4219
624,4217
623,4223
622,4220
621,4219
620,4218
619,4224
618,4224
617,4232
616,4227
615,4227
614,4233
613,4217
612,4220
611,4218
610,4218
609,4219
608,4219
607,4225
606,4235
605,4225
604,4238
603,4228
602,4227
601,4223
600,4229
599,4237
598,4213
597,4224
596,4233
595,4218
594,4221
593,4218
592,4227
591,4219
590,4213
589,4228
588,4227
587,4233
586,4223
585,4236
584,4224
583,4225
582,4222
581,4235
580,4233
579,4228
578,4222
577,4219
576,4230
575,4226
574,4225
573,4226
572,4216
571,4227
570,4228
569,4236
568,4230
567,4229
566,4222
565,4218
564,4220
563,4233
562,4232
561,4230
560,4239
559,4232
558,4234
557,4231
556,4232
555,4236
554,4240
553,4241
552,4230
551,4226
550,4234
549,4238
548,4231
547,4238
546,4248
545,4234
544,4219
543,4233
542,4235
541,4224
540,4230
539,4228
538,4237
537,4230
536,4228
535,4238
534,4235
533,4230
532,4238
531,4233
530,4241
529,4238
528,4234
527,4230
526,4231
525,4228
524,4221
523,4224
522,4223
521,4240
520,4216
519,4233
518,4223
517,4227
516,4217
515,4217
514,4236
513,4221
512,4229
511,4228
510,4234
509,4234
508,4241
507,4225
506,4235
505,4229
504,4231
503,4238
502,4227
501,4213
500,4229
499,4221
498,4225
497,4237
496,4235
495,4229
494,4230
493,4227
492,4219
491,4235
490,4237
489,4233
488,4230
487,4230
486,4229
485,4227
484,4229
483,4228
482,4237
481,4239
480,4223
479,4234
478,4229
477,4225
476,4231
475,4239
474,4232
473,4234
472,4230
471,4231
470,4227
469,4241
468,4223
467,4233
466,4221
465,4234
464,4234
463,4237
462,4223
461,4230
460,4227
459,4236
458,4231
457,4222
456,4216
455,4229
454,4238
453,4230
452,4235
451,4228
450,4225
449,4230
448,4223
447,4234
446,4224
445,4237
444,4231
443,4226
442,4232
441,4227
440,4227
439,4222
438,4221
437,4235
436,4224
435,4229
434,4235
433,4234
432,4221
431,4229
430,4219
429,4224
428,4222
427,4224
426,4232
425,4237
424,4232
423,4228
422,4227
421,4242
420,4220
419,4235
418,4236
417,4229
416,4221
415,4233
414,4244
413,4233
412,4240
411,4236
410,4226
409,4229
408,4231
407,4236
406,4229
405,4217
404,4229
403,4230
402,4229
401,4230
400,4225
399,4229
398,4222
397,4227
396,4234
395,4222
394,4227
393,4231
392,4224
391,4233
390,4216
389,4224
388,4229
387,4218
386,4220
385,4237
384,4235
383,4224
382,4242
381,4236
380,4224
379,4231
378,4225
377,4227
376,4227
375,4230
374,4235
373,4229
372,4233
371,4233
370,4230
369,4242
368,4231
367,4232
366,4226
365,4233
364,4221
363,4233
362,4219
361,4227
360,4232
359,4231
358,4220
357,4231
356,4221
355,4232
354,4230
353,4234
352,4223
351,4222
350,4235
349,4228
348,4237
347,4239
346,4226
345,4222
344,4233
343,4217
342,4220
341,4222
340,4233
339,4217
338,4225
337,4229
336,4216
335,4225
334,4226
333,4218
332,4226
331,4224
330,4229
329,4224
328,4227
327,4224
326,4226
325,4230
324,4232
323,4230
322,4234
321,4234
320,4224
319,4230
318,4220
317,4237
316,4229
315,4236
314,4223
313,4238
312,4232
311,4237
310,4221
309,4229
308,4236
307,4225
306,4227
305,4228
304,4219
303,4234
302,4239
301,4240
300,4218
299,4238
298,4232
297,4234
296,4232
295,4234
294,4240
293,4242
292,4231
291,4234
290,4227
289,4234
288,4227
287,4226
286,4237
285,4238
284,4226
283,4222
282,4225
281,4236
280,4243
279,4233
278,4228
277,4234
276,4229
275,4237
274,4233
273,4235
272,4235
271,4233
270,4228
269,4233
268,4222
267,4227
266,4232
265,4220
264,4232
263,4230
262,4238
261,4233
260,4237
259,4239
258,4243
257,4227
256,4234
255,4233
254,4233
253,4230
252,4244
251,4235
250,4232
249,4229
248,4246
247,4245
246,4226
245,4237
244,4238
243,4225
242,4233
241,4235
240,4231
239,4236
238,4233
237,4236
236,4237
235,4236
234,4238
233,4228
232,4227
231,4232
230,4217
229,4228
228,4225
227,4219
226,4240
225,4228
224,4232
223,4228
222,4230
221,4232
220,4223
219,4226
218,4233
217,4230
216,4232
215,4231
214,4233
213,4231
212,4234
211,4235
210,4236
209,4223
208,4224
207,4226
206,4229
205,4234
204,4225
203,4239
202,4234
201,4229
200,4229
199,4229
198,4225
197,4228
196,4233
195,4219
194,4228
193,4233
192,4229
191,4236
190,4245
189,4213
188,4239
187,4225
186,4243
185,4243
184,4238
183,4229
182,4237
181,4226
180,4236
179,4233
178,4238
177,4240
176,4230
175,4239
174,4230
173,4233
172,4238
171,4235
170,4225
169,4237
168,4244
167,4235
166,4233
165,4228
164,4231
163,4230
162,4242
161,4229
160,4242
159,4239
158,4242
157,4231
156,4246
155,4230
154,4241
153,4241
152,4232
151,4235
150,4245
149,4243
148,4234
147,4238
146,4224
145,4238
144,4241
143,4229
142,4233
141,4228
140,4226
139,4237
138,4232
137,4235
136,4238
135,4245
134,4234
133,4227
132,4248
131,4221
130,4227
129,4230
128,4225
127,4221
126,4223
125,4223
124,4219
123,4230
122,4236
121,4231
120,4237
119,4231
118,4233
117,4225
116,4229
115,4240
114,4225
113,4231
112,4223
111,4229
110,4222
109,4238
108,4243
107,4231
106,4233
105,4241
104,4225
103,4240
102,4231
101,4242
100,4231
99,4237
98,4221
97,4237
96,4235
95,4228
94,4225
93,4219
92,4226
91,4213
90,4242
89,4233
88,4227
87,4226
86,4221
85,4233
84,4227
83,4230
82,4226
81,4230
80,4214
79,4228
78,4221
77,4232
76,4223
75,4218
74,4225
73,4227
72,4233
71,4221
70,4232
69,4247
68,4226
67,4222
66,4222
65,4239
64,4233
63,4225
62,4225
61,4238
60,4239
59,4243
58,4227
57,4227
56,4234
55,4244
54,4245
53,4217
52,4241
51,4233
50,4228
49,4225
48,4213
47,4226
46,4224
45,4223
44,4234
43,4227
42,4231
41,4229
40,4235
39,4236
38,4234
37,4244
36,4237
35,4241
34,4229
33,4237
32,4241
31,4220
30,4226
29,4239
28,4237
27,4237
26,4238
25,4239
24,4239
23,4239
22,4236
21,4225
20,4234
19,4228
18,4226
17,4247
16,4237
15,4230
14,4232
13,4231
12,4244
11,4249
10,4240
9,4224
8,4234
7,4244
6,4239
5,4234
4,4243
3,4226
2,4230
1,4243
0,4227
-1,4237
-2,4231
-3,4231
-4,4235
-5,4242
-6,4239
-7,4237
-8,4238
-9,4225
-10,4225
-11,4233
-12,4233
-13,4233
-14,4234
-15,4240
-16,4242
-17,4236
-18,4231
-19,4237
-20,4239
-21,4232
-22,4242
-23,4242
-24,4238
-25,4237
-26,4236
-27,4226
-28,4241
-29,4241
-30,4237
-31,4240
-32,4239
-33,4235
-34,4242
-35,4225
-36,4236
-37,4242
-38,4242
-39,4234
-40,4234
-41,4239
-42,4242
-43,4245
-44,4242
-45,4234
-46,4238
-47,4236
-48,4229
-49,4239
-50,4229
-51,4236
-52,4242
-53,4237
-54,4233
-55,4236
-56,4229
-57,4237
-58,4233
-59,4236
-60,4232
-61,4246
-62,4229
-63,4236
-64,4244
-65,4241
-66,4251
-67,4230
-68,4240
-69,4235
-70,4239
-71,4236
-72,4237
-73,4229
-74,4234
-75,4234
-76,4243
-77,4242
-78,4237
-79,4235
-80,4238
-81,4230
-82,4242
-83,4234
-84,4248
-85,4242
-86,4238
-87,4240
-88,4242
-89,4239
-90,4228
-91,4228
-92,4236
-93,4241
-94,4236
-95,4240
-96,4241
-97,4234
-98,4236
-99,4233
-100,4224
-101,4242
-102,4238
-103,4224
-104,4244
-105,4231
-106,4224
-107,4230
-108,4225
-109,4229
-110,4232
-111,4224
-112,4238
-113,4238
-114,4238
-115,4230
-116,4233
-117,4242
-118,4242
-119,4235
-120,4238
-121,4237
-122,4244
-123,4235
-124,4235
-125,4232
-126,4237
-127,4250
-128,4239
-129,4224
-130,4233
-131,4230
-132,4232
-133,4233
-134,4234
-135,4235
-136,4233
-137,4236
-138,4223
-139,4245
-140,4238
-141,4232
-142,4236
-143,4240
-144,4231
-145,4239
-146,4246
-147,4236
-148,4246
-149,4233
-150,4243
-151,4231
-152,4236
-153,4244
-154,4242
-155,4237
-156,4233
-157,4241
-158,4222
-159,4238
-160,4250
-161,4254
-162,4236
-163,4249
-164,4240
-165,4239
-166,4246
-167,4241
-168,4252
-169,4235
-170,4240
-171,4236
-172,4232
-173,4246
-174,4242
-175,4239
-176,4245
-177,4242
-178,4259
-179,4237
-180,4247
-181,4243
-182,4252
-183,4240
-184,4245
-185,4236
-186,4239
-187,4246
-188,4247
-189,4243
-190,4238
-191,4245
-192,4237
-193,4239
-194,4245
-195,4244
-196,4244
-197,4251
-198,4238
-199,4240
-200,4236
-201,4241
-202,4246
-203,4248
-204,4261
-205,4255
-206,4239
-207,4253
-208,4242
-209,4253
-210,4265
-211,4257
-212,4239
-213,4254
-214,4261
-215,4248
-216,4253
-217,4240
-218,4249
-219,4249
-220,4246
-221,4246
-222,4249
-223,4246
-224,4233
-225,4250
-226,4244
-227,4242
-228,4244
-229,4243
-230,4231
-231,4247
-232,4249
-233,4239
-234,4243
-235,4234
-236,4250
-237,4236
-238,4243
-239,4249
-240,4245
-241,4249
-242,4237
-243,4239
-244,4236
-245,4242
-246,4245
-247,4239
-248,4253
-249,4252
-250,4241
-251,4248
-252,4241
-253,4239
-254,4241
-255,4254
-256,4254
-257,4242
-258,4244
-259,4246
-260,4248
-261,4246
-262,4225
-263,4246
-264,4247
-265,4233
-266,4242
-267,4251
-268,4252
-269,4240
-270,4244
-271,4244
-272,4241
-273,4246
-274,4253
-275,4242
-276,4259
-277,4249
-278,4244
-279,4252
-280,4237
-281,4248
-282,4236
-283,4230
-284,4244
-285,4251
-286,4235
-287,4248
-288,4235
-289,4233
-290,4235
-291,4257
-292,4234
-293,4233
-294,4242
-295,4240
-296,4239
-297,4237
-298,4234
-299,4236
-300,4238
-301,4240
-302,4235
-303,4235
-304,4236
-305,4232
-306,4231
-307,4235
-308,4238
-309,4236
-310,4225
-311,4235
-312,4236
-313,4236
-314,4239
-315,4245
-316,4239
-317,4226
-318,4229
-319,4247
-320,4230
-321,4232
-322,4235
-323,4227
-324,4227
-325,4227
-326,4239
-327,4235
-328,4236
-329,4241
-330,4225
-331,4235
-332,4239
-333,4236
-334,4234
-335,4227
-336,4234
-337,4238
-338,4235
-339,4238
-340,4235
-341,4243
-342,4238
-343,4228
-344,4236
-345,4234
-346,4253
-347,4234
-348,4235
-349,4245
-350,4233
-351,4236
-352,4231
-353,4225
-354,4236
-355,4244
-356,4234
-357,4230
-358,4246
-359,4248
-360,4230
-361,4238
-362,4246
-363,4244
-364,4247
-365,4241
-366,4234
-367,4241
-368,4242
-369,4232
-370,4235
-371,4244
-372,4236
-373,4235
-374,4234
-375,4242
-376,4237
-377,4240
-378,4224
-379,4245
-380,4239
-381,4233
-382,4237
-383,4237
-384,4237
-385,4224
-386,4242
-387,4234
-388,4243
-389,4230
-390,4240
-391,4240
-392,4235
-393,4240
-394,4234
-395,4248
-396,4242
-397,4242
-398,4229
-399,4237
-400,4230
-401,4242
-402,4242
-403,4239
-404,4229
-405,4227
-406,4241
-407,4240
-408,4236
-409,4225
-410,4236
-411,4243
-412,4240
-413,4224
-414,4233
-415,4229
-416,4230
-417,4235
-418,4218
-419,4222
-420,4230
-421,4228
-422,4230
-423,4238
-424,4224
-425,4242
-426,4225
-427,4230
-428,4229
-429,4222
-430,4228
-431,4224
-432,4230
-433,4217
-434,4244
-435,4230
-436,4221
-437,4233
-438,4225
-439,4237
-440,4231
-441,4236
-442,4230
-443,4228
-444,4240
-445,4222
-446,4234
-447,4232
-448,4230
-449,4230
-450,4234
-451,4238
-452,4226
-453,4248
-454,4242
-455,4238
-456,4230
-457,4222
-458,4233
-459,4234
-460,4230
-461,4234
-462,4236
-463,4242
-464,4237
-465,4236
-466,4240
-467,4235
-468,4231
-469,4238
-470,4229
-471,4231
-472,4234
-473,4232
-474,4236
-475,4235
-476,4239
-477,4222
-478,4233
-479,4236
-480,4239
-481,4244
-482,4230
-483,4239
-484,4228
-485,4237
-486,4236
-487,4240
-488,4233
-489,4236
-490,4242
-491,4226
-492,4224
-493,4230
-494,4233
-495,4233
-496,4249
-497,4238
-498,4234
-499,4243
-500,4232
-501,4222
-502,4237
-503,4222
-504,4234
-505,4235
-506,4220
-507,4234
-508,4224
-509,4223
-510,4232
-511,4229
-512,4231
-513,4222
-514,4222
-515,4239
-516,4231
-517,4232
-518,4230
-519,4235
-520,4229
-521,4232
-522,4239
-523,4237
-524,4255
-525,4232
-526,4234
-527,4236
-528,4243
-529,4226
-530,4218
-531,4227
-532,4226
-533,4240
-534,4230
-535,4223
-536,4226
-537,4223
-538,4236
-539,4234
-540,4236
-541,4232
-542,4211
-543,4235
-544,4238
-545,4235
-546,4232
-547,4230
-548,4226
-549,4237
-550,4230
-551,4231
-552,4237
-553,4232
-554,4232
-555,4228
-556,4233
-557,4219
-558,4229
-559,4237
-560,4218
-561,4229
-562,4241
-563,4234
-564,4224
-565,4221
-566,4232
-567,4226
-568,4222
-569,4220
-570,4228
-571,4233
-572,4228
-573,4226
-574,4216
-575,4230
-576,4229
-577,4232
-578,4225
-579,4230
-580,4226
-581,4239
-582,4227
-583,4228
-584,4233
-585,4226
-586,4215
-587,4233
-588,4239
-589,4238
-590,4221
-591,4225
-592,4228
-593,4234
-594,4232
-595,4225
-596,4242
-597,4221
-598,4224
-599,4230
-600,4229
-601,4235
-602,4234
-603,4226
-604,4221
-605,4219
-606,4229
-607,4229
-608,4228
-609,4233
-610,4222
-611,4228
-612,4232
-613,4221
-614,4226
-615,4231
-616,4236
-617,4230
-618,4244
-619,4242
-620,4234
-621,4228
-622,4230
-623,4217
-624,4242
-625,4233
-626,4233
-627,4228
-628,4224
-629,4216
-630,4236
-631,4239
-632,4233
-633,4217
-634,4228
-635,4228
-636,4229
-637,4221
-638,4222
-639,4232
-640,4235
-641,4236
-642,4243
-643,4230
-644,4220
-645,4229
-646,4243
-647,4243
-648,4228
-649,4233
-650,4235
-651,4244
-652,4230
-653,4231
-654,4229
-655,4233
-656,4240
-657,4238
-658,4222
-659,4233
-660,4246
-661,4228
-662,4239
-663,4233
-664,4232
-665,4239
-666,4227
-667,4241
-668,4230
-669,4235
-670,4241
-671,4234
-672,4220
-673,4229
-674,4228
-675,4230
-676,4239
-677,4235
-678,4226
-679,4222
-680,4229
-681,4228
-682,4230
-683,4230
-684,4235
-685,4239
-686,4237
-687,4237
-688,4227
-689,4237
-690,4240
-691,4227
-692,4240
-693,4238
-694,4237
-695,4230
-696,4234
-697,4242
-698,4240
-699,4237
-700,4240
-701,4236
-702,4230
-703,4237
-704,4226
-705,4240
-706,4237
-707,4226
-708,4229
-709,4232
-710,4230
-711,4229
-712,4222
-713,4237
-714,4242
-715,4232
-716,4232
-717,4229
-718,4238
-719,4230
-720,4239
-721,4240
-722,4237
-723,4231
-724,4245
-725,4235
-726,4240
-727,4234
-728,4240
-729,4234
-730,4236
-731,4238
-732,4232
-733,4235
-734,4232
-735,4231
-736,4236
-737,4236
-738,4237
-739,4234
-740,4224
-741,4229
-742,4233
-743,4238
-744,4225
-745,4228
-746,4236
-747,4229
-748,4226
-749,4234
-750,4231
-751,4234
-752,4230
-753,4238
-754,4234
-755,4226
-756,4238
-757,4235
-758,4251
-759,4231
-760,4242
-761,4243
-762,4237
-763,4232
-764,4238
-765,4234
-766,4234
-767,4233
-768,4244
-769,4224
-770,4237
-771,4248
-772,4237
-773,4243
-774,4237
-775,4236
-776,4239
-777,4239
-778,4226
-779,4230
-780,4236
-781,4231
-782,4240
-783,4231
-784,4239
-785,4227
-786,4238
-787,4239
-788,4248
-789,4234
-790,4232
-791,4240
-792,4242
-793,4240
-794,4240
-795,4229
-796,4236
-797,4227
-798,4235
-799,4238
-800,4229
-801,4229
-802,4244
-803,4241
-804,4225
-805,4251
-806,4242
-807,4244
-808,4238
-809,4237
-810,4229
-811,4243
-812,4230
-813,4243
-814,4233
-815,4229
-816,4241
-817,4238
-818,4223
-819,4230
-820,4238
-821,4239
-822,4231
-823,4223
-824,4228
-825,4226
-826,4233
-827,4225
-828,4236
-829,4230
-830,4237
-831,4233
-832,4238
-833,4232
-834,4232
-835,4242
-836,4223
-837,4235
-838,4224
-839,4233
-840,4224
-841,4231
-842,4227
-843,4226
-844,4233
-845,4230
-846,4239
-847,4231
-848,4234
-849,4233
-850,4237
-851,4228
-852,4220
-853,4226
-854,4230
-855,4238
-856,4233
-857,4242
-858,4233
-859,4228
-860,4238
-861,4224
-862,4237
-863,4223
-864,4233
-865,4232
-866,4229
-867,4229
-868,4233
-869,4229
-870,4230
-871,4230
-872,4222
-873,4238
-874,4219
-875,4235
-876,4224
-877,4238
-878,4229
-879,4238
-880,4233
-881,4226
-882,4248
-883,4238
-884,4234
-885,4240
-886,4229
-887,4229
-888,4230
-889,4235
-890,4237
-891,4235
-892,4239
-893,4241
-894,4238
-895,4231
-896,4222
-897,4235
-898,4240
-899,4240
-900,4221
-901,4227
-902,4228
-903,4245
-904,4233
-905,4231
-906,4227
-907,4226
-908,4229
-909,4236
-910,4244
-911,4249
-912,4229
-913,4232
-914,4239
-915,4242
-916,4235
-917,4218
-918,4228
-919,4242
-920,4226
-921,4231
-922,4236
-923,4236
-924,4235
-925,4241
-926,4233
-927,4239
-928,4224
-929,4220
-930,4223
-931,4227
-932,4227
-933,4240
-934,4224
-935,4225
-936,4237
-937,4234
-938,4242
-939,4231
-940,4222
-941,4226
-942,4228
-943,4232
-944,4235
-945,4230
-946,4235
-947,4218
-948,4236
-949,4219
-950,4233
-951,4237
-952,4243
-953,4234
-954,4230
-955,4224
-956,4233
-957,4238
-958,4238
-959,4248
-960,4250
-961,4228
-962,4239
-963,4235
-964,4247
-965,4247
-966,4239
-967,4233
-968,4242
-969,4232
-970,4234
-971,4233
-972,4245
-973,4233
-974,4233
-975,4237
-976,4230
-977,4230
-978,4240
-979,4253
-980,4240
-981,4228
-982,4241
-983,4237
-984,4242
-985,4232
-986,4249
-987,4241
-988,4241
-989,4237
-990,4245
-991,4236
-992,4224
-993,4241
-994,4244
-995,4239
-996,4242
-997,4248
-998,4256
-999,4243
-1000,4238
-1001,4240
-1002,4238
-1003,4242
-1004,4248
-1005,4245
-1006,4245
-1007,4245
-1008,4241
-1009,4237
-1010,4242
-1011,4240
-1012,4230
-1013,4228
-1014,4239
-1015,4242
-1016,4246
-1017,4227
-1018,4234
-1019,4241
-1020,4244
-1021,4239
-1022,4239
-1023,4240
-1024,4237
-1025,4234
-1026,4239
-1027,4239
-1028,4233
-1029,4242
-1030,4240
-1031,4231
-1032,4245
-1033,4236
-1034,4239
-1035,4247
-1036,4229
-1037,4237
-1038,4241
-1039,4234
-1040,4227
-1041,4237
-1042,4233
-1043,4230
-1044,4246
-1045,4238
-1046,4244
-1047,4236
-1048,4238
-1049,4250
-1050,4244
-1051,4250
-1052,4245
-1053,4240
-1054,4245
-1055,4231
-1056,4233
-1057,4234
-1058,4232
-1059,4237
-1060,4234
-1061,4226
-1062,4225
-1063,4242
-1064,4229
-1065,4233
-1066,4230
-1067,4222
-1068,4228
-1069,4236
-1070,4233
-1071,4226
-1072,4234
-1073,4223
-1074,4244
-1075,4248
-1076,4251
-1077,4239
-1078,4233
-1079,4234
-1080,4242
-1081,4230
-1082,4230
-1083,4236
-1084,4240
-1085,4227
-1086,4241
-1087,4242
-1088,4227
-1089,4242
-1090,4234
-1091,4238
-1092,4238
-1093,4243
-1094,4236
-1095,4240
-1096,4238
-1097,4237
-1098,4236
-1099,4236
-1100,4230
-1101,4235
-1102,4232
-1103,4234
-1104,4245
-1105,4236
-1106,4242
-1107,4247
-1108,4240
-1109,4238
-1110,4232
-1111,4238
-1112,4251
-1113,4235
-1114,4235
-1115,4247
-1116,4236
-1117,4240
-1118,4249
-1119,4228
-1120,4234
-1121,4233
-1122,4256
-1123,4248
-1124,4246
-1125,4250
-1126,4243
-1127,4252
-1128,4235
-1129,4242
-1130,4239
-1131,4238
-1132,4235
-1133,4233
-1134,4240
-1135,4231
-1136,4245
-1137,4229
-1138,4247
-1139,4233
-1140,4225
-1141,4245
-1142,4232
-1143,4239
-1144,4237
-1145,4238
-1146,4228
-1147,4233
-1148,4240
-1149,4235
-1150,4236
-1151,4242
-1152,4232
-1153,4237
-1154,4245
-1155,4237
-1156,4238
-1157,4245
-1158,4240
-1159,4241
-1160,4225
-1161,4236
-1162,4228
-1163,4245
-1164,4232
-1165,4240
-1166,4228
-1167,4236
-1168,4239
-1169,4242
-1170,4238
-1171,4236
-1172,4236
-1173,4240
-1174,4244
-1175,4238
-1176,4236
-1177,4244
-1178,4243
-1179,4238
-1180,4236
-1181,4240
-1182,4251
-1183,4247
-1184,4247
-1185,4237
-1186,4236
-1187,4241
-1188,4239
-1189,4236
-1190,4247
-1191,4249
-1192,4249
-1193,4239
-1194,4244
-1195,4246
-1196,4241
-1197,4240
-1198,4244
-1199,4243
-1200,4241
-1201,4247
-1202,4247
-1203,4248
-1204,4244
-1205,4245
-1206,4245
-1207,4237
-1208,4231
-1209,4240
-1210,4245
-1211,4245
-1212,4247
-1213,4248
-1214,4238
-1215,4245
-1216,4242
-1217,4250
-1218,4239
-1219,4246
-1220,4241
-1221,4239
-1222,4238
-1223,4250
-1224,4248
-1225,4237
-1226,4257
-1227,4253
-1228,4243
-1229,4240
-1230,4254
-1231,4240
-1232,4240
-1233,4250
-1234,4247
-1235,4246
-1236,4232
-1237,4235
-1238,4242
-1239,4240
-1240,4237
-1241,4242
-1242,4238
-1243,4251
-1244,4228
-1245,4241
-1246,4248
-1247,4252
-1248,4241
-1249,4254
-1250,4243
-1251,4234
-1252,4241
-1253,4243
-1254,4233
-1255,4233
-1256,4233
-1257,4235
-1258,4241
-1259,4236
-1260,4242
-1261,4237
-1262,4248
-1263,4244
-1264,4243
-1265,4238
-1266,4241
-1267,4247
-1268,4239
-1269,4239
-1270,4254
-1271,4245
-1272,4256
-1273,4243
-1274,4244
-1275,4248
-1276,4245
-1277,4241
-1278,4240
-1279,4253
-1280,4249
-1281,4244
-1282,4248
-1283,4236
-1284,4234
-1285,4241
-1286,4240
-1287,4246
-1288,4244
-1289,4236
-1290,4251
-1291,4250
-1292,4244
-1293,4240
-1294,4239
-1295,4242
-1296,4249
-1297,4245
-1298,4238
-1299,4251
-1300,4236
-1301,4242
-1302,4246
-1303,4242
-1304,4240
-1305,4249
-1306,4241
-1307,4240
-1308,4239
-1309,4237
-1310,4258
-1311,4239
-1312,4240
-1313,4257
-1314,4252
-1315,4237
-1316,4248
-1317,4247
-1318,4243
-1319,4240
-1320,4237
-1321,4241
-1322,4244
-1323,4227
-1324,4248
-1325,4245
-1326,4245
-1327,4236
-1328,4237
-1329,4245
-1330,4242
-1331,4237
-1332,4239
-1333,4235
-1334,4233
-1335,4250
-1336,4242
-1337,4244
-1338,4232
-1339,4259
-1340,4246
-1341,4242
-1342,4236
-1343,4254
-1344,4240
-1345,4241
-1346,4235
-1347,4251
-1348,4244
-1349,4236
-1350,4240
-1351,4257
-1352,4248
-1353,4243
-1354,4248
-1355,4253
-1356,4238
-1357,4244
-1358,4248
-1359,4237
-1360,4232
-1361,4243
-1362,4242
-1363,4246
-1364,4240
-1365,4227
-1366,4239
-1367,4230
-1368,4254
-1369,4249
-1370,4236
-1371,4247
-1372,4244
-1373,4248
-1374,4233
-1375,4225
-1376,4243
-1377,4237
-1378,4238
-1379,4246
-1380,4243
-1381,4232
-1382,4240
-1383,4247
-1384,4246
-1385,4242
-1386,4245
-1387,4244
-1388,4240
-1389,4234
-1390,4257
-1391,4247
-1392,4239
-1393,4239
-1394,4239
-1395,4248
-1396,4245
-1397,4244
-1398,4247
-1399,4238
-1400,4238
-1401,4237
-1402,4239
-1403,4243
-1404,4241
-1405,4241
-1406,4242
-1407,4246
-1408,4237
-1409,4246
-1410,4244
-1411,4247
-1412,4244
-1413,4222
-1414,4238
-1415,4238
-1416,4235
-1417,4235
-1418,4242
-1419,4233
-1420,4225
-1421,4236
-1422,4236
-1423,4232
-1424,4240
-1425,4236
-1426,4232
-1427,4235
-1428,4226
-1429,4248
-1430,4242
-1431,4235
-1432,4250
-1433,4250
-1434,4235
-1435,4236
-1436,4237
-1437,4232
-1438,4239
-1439,4247
-1440,4237
-1441,4243
-1442,4241
-1443,4226
-1444,4228
-1445,4246
-1446,4241
-1447,4224
-1448,4241
-1449,4233
-1450,4230
-1451,4250
-1452,4242
-1453,4234
-1454,4236
-1455,4228
-1456,4228
-1457,4244
-1458,4245
-1459,4233
-1460,4236
-1461,4230
-1462,4233
-1463,4232
-1464,4228
-1465,4240
-1466,4213
-1467,4238
-1468,4234
-1469,4236
-1470,4246
-1471,4226
-1472,4233
-1473,4233
-1474,4234
-1475,4241
-1476,4241
-1477,4231
-1478,4231
-1479,4236
-1480,4232
-1481,4239
-1482,4226
-1483,4236
-1484,4231
-1485,4219
-1486,4232
-1487,4228
-1488,4224
-1489,4229
-1490,4238
-1491,4228
-1492,4234
-1493,4240
-1494,4242
-1495,4225
-1496,4242
-1497,4240
-1498,4228
-1499,4240
-1500,4231
-1501,4227
-1502,4237
-1503,4234
-1504,4247
-1505,4231
-1506,4246
-1507,4229
-1508,4233
-1509,4236
-1510,4230
-1511,4235
-1512,4235
-1513,4235
-1514,4235
-1515,4241
-1516,4224
-1517,4238
-1518,4235
-1519,4229
-1520,4237
-1521,4237
-1522,4227
-1523,4226
-1524,4230
-1525,4230
-1526,4239
-1527,4220
-1528,4239
-1529,4232
-1530,4234
-1531,4229
-1532,4236
-1533,4229
-1534,4228
-1535,4215
-1536,4228
-1537,4212
-1538,4226
-1539,4231
-1540,4235
-1541,4233
-1542,4226
-1543,4228
-1544,4236
-1545,4225
-1546,4223
-1547,4223
-1548,4224
-1549,4225
-1550,4222
-1551,4225
-1552,4232
-1553,4230
-1554,4233
-1555,4220
-1556,4214
-1557,4221
-1558,4230
-1559,4219
-1560,4222
-1561,4214
-1562,4228
-1563,4236
-1564,4236
-1565,4248
-1566,4219
-1567,4234
-1568,4235
-1569,4225
-1570,4237
-1571,4229
-1572,4243
-1573,4237
-1574,4235
-1575,4227
-1576,4227
-1577,4221
-1578,4232
-1579,4225
-1580,4233
-1581,4220
-1582,4231
-1583,4228
-1584,4234
-1585,4230
-1586,4233
-1587,4230
-1588,4245
-1589,4235
-1590,4239
-1591,4231
-1592,4235
-1593,4225
-1594,4234
-1595,4233
-1596,4241
-1597,4240
-1598,4219
-1599,4236
-1600,4231
-1601,4237
-1602,4237
-1603,4235
-1604,4234
-1605,4242
-1606,4239
-1607,4234
-1608,4238
-1609,4233
-1610,4230
-1611,4239
-1612,4238
-1613,4242
-1614,4234
-1615,4252
-1616,4230
-1617,4234
-1618,4232
-1619,4238
-1620,4240
-1621,4239
-1622,4245
-1623,4235
-1624,4227
-1625,4234
-1626,4235
-1627,4245
-1628,4242
-1629,4242
-1630,4244
-1631,4247
-1632,4235
-1633,4234
-1634,4238
-1635,4234
-1636,4236
-1637,4230
-1638,4240
-1639,4242
-1640,4230
-1641,4230
-1642,4245
-1643,4234
-1644,4239
-1645,4237
-1646,4244
-1647,4245
-1648,4229
-1649,4236
-1650,4243
-1651,4232
-1652,4233
-1653,4238
-1654,4238
-1655,4242
-1656,4232
-1657,4237
-1658,4228
-1659,4234
-1660,4239
-1661,4238
-1662,4230
-1663,4233
-1664,4228
-1665,4238
-1666,4235
-1667,4230
-1668,4238
-1669,4233
-1670,4237
-1671,4234
-1672,4230
-1673,4239
-1674,4228
-1675,4232
-1676,4236
-1677,4238
-1678,4233
-1679,4232
-1680,4240
-1681,4230
-1682,4238
-1683,4242
-1684,4239
-1685,4236
-1686,4218
-1687,4241
-1688,4251
-1689,4237
-1690,4242
-1691,4235
-1692,4235
-1693,4245
-1694,4237
-1695,4240
-1696,4239
-1697,4242
-1698,4230
-1699,4239
-1700,4244
-1701,4234
-1702,4235
-1703,4237
-1704,4239
-1705,4237
-1706,4238
-1707,4230
-1708,4237
-1709,4242
-1710,4236
-1711,4233
-1712,4224
-1713,4220
-1714,4240
-1715,4237
-1716,4230
-1717,4228
-1718,4230
-1719,4239
-1720,4226
-1721,4231
-1722,4231
-1723,4230
-1724,4232
-1725,4226
-1726,4229
-1727,4227
-1728,4233
-1729,4241
-1730,4228
-1731,4235
-1732,4231
-1733,4238
-1734,4232
-1735,4239
-1736,4242
-1737,4237
-1738,4231
-1739,4233
-1740,4233
-1741,4236
-1742,4233
-1743,4236
-1744,4226
-1745,4221
-1746,4240
-1747,4224
-1748,4232
-1749,4236
-1750,4228
-1751,4227
-1752,4230
-1753,4228
-1754,4232
-1755,4236
-1756,4224
-1757,4232
-1758,4239
-1759,4239
-1760,4231
-1761,4240
-1762,4226
-1763,4239
-1764,4236
-1765,4237
-1766,4227
-1767,4234
-1768,4236
-1769,4225
-1770,4228
-1771,4227
-1772,4238
-1773,4226
-1774,4231
-1775,4244
-1776,4234
-1777,4240
-1778,4238
-1779,4235
-1780,4238
-1781,4234
-1782,4234
-1783,4237
-1784,4230
-1785,4247
-1786,4231
-1787,4229
-1788,4238
-1789,4231
-1790,4237
-1791,4231
-1792,4238
-1793,4238
-1794,4231
-1795,4228
-1796,4239
-1797,4243
-1798,4236
-1799,4240
-1800,4230
-1801,4245
-1802,4252
-1803,4229
-1804,4235
-1805,4241
-1806,4253
-1807,4239
-1808,4238
-1809,4235
-1810,4229
-1811,4247
-1812,4243
-1813,4245
-1814,4232
-1815,4240
-1816,4241
-1817,4240
-1818,4247
-1819,4234
-1820,4247
-1821,4233
-1822,4236
-1823,4239
-1824,4234
-1825,4246
-1826,4233
-1827,4238
-1828,4241
-1829,4250
-1830,4237
-1831,4237
-1832,4229
-1833,4251
-1834,4238
-1835,4234
-1836,4242
-1837,4236
-1838,4238
-1839,4243
-1840,4244
-1841,4230
-1842,4237
-1843,4232
-1844,4230
-1845,4236
-1846,4239
-1847,4240
-1848,4239
-1849,4251
-1850,4237
-1851,4235
-1852,4235
-1853,4238
-1854,4237
-1855,4246
-1856,4238
-1857,4239
-1858,4233
-1859,4244
-1860,4235
-1861,4238
-1862,4224
-1863,4229
-1864,4228
-1865,4235
-1866,4243
-1867,4234
-1868,4230
-1869,4247
-1870,4239
-1871,4236
-1872,4236
-1873,4239
-1874,4228
-1875,4245
-1876,4235
-1877,4236
-1878,4237
-1879,4246
-1880,4234
-1881,4253
-1882,4238
-1883,4232
-1884,4233
-1885,4244
-1886,4240
-1887,4225
-1888,4236
-1889,4228
-1890,4242
-1891,4235
-1892,4236
-1893,4229
-1894,4243
-1895,4227
-1896,4239
-1897,4239
-1898,4225
-1899,4230
-1900,4242
-1901,4224
-1902,4233
-1903,4222
-1904,4233
-1905,4237
-1906,4236
-1907,4239
-1908,4230
-1909,4241
-1910,4241
-1911,4225
-1912,4239
-1913,4233
-1914,4239
-1915,4226
-1916,4236
-1917,4239
-1918,4240
-1919,4242
-1920,4237
-1921,4238
-1922,4230
-1923,4230
-1924,4245
-1925,4245
-1926,4239
-1927,4236
-1928,4237
-1929,4237
-1930,4234
-1931,4246
-1932,4235
-1933,4234
-1934,4237
-1935,4232
-1936,4245
-1937,4224
-1938,4241
-1939,4248
-1940,4234
-1941,4232
-1942,4240
-1943,4242
-1944,4245
-1945,4228
-1946,4240
-1947,4233
-1948,4223
-1949,4239
-1950,4233
-1951,4246
-1952,4234
-1953,4230
-1954,4242
-1955,4238
-1956,4239
-1957,4240
-1958,4242
-1959,4243
-1960,4240
-1961,4228
-1962,4243
-1963,4233
-1964,4238
-1965,4227
-1966,4240
-1967,4230
-1968,4235
-1969,4237
-1970,4246
-1971,4238
-1972,4245
-1973,4242
-1974,4247
-1975,4242
-1976,4240
-1977,4239
-1978,4236
-1979,4231
-1980,4230
-1981,4246
-1982,4234
-1983,4245
-1984,4228
-1985,4245
-1986,4241
-1987,4233
-1988,4246
-1989,4246
-1990,4230
-1991,4235
-1992,4234
-1993,4242
-1994,4243
-1995,4243
-1996,4238
-1997,4243
-1998,4237
-1999,4242
-2000,4241
-2001,4247
-2002,4247
-2003,4240
-2004,4251
-2005,4242
-2006,4242
-2007,4241
-2008,4245
-2009,4237
-2010,4240
-2011,4236
-2012,4241
-2013,4242
-2014,4234
-2015,4246
-2016,4233
-2017,4239
-2018,4234
-2019,4242
-2020,4257
-2021,4237
-2022,4238
-2023,4238
-2024,4241
-2025,4245
-2026,4230
-2027,4231
-2028,4228
-2029,4225
-2030,4230
-2031,4235
-2032,4233
-2033,4228
-2034,4237
-2035,4242
-2036,4230
-2037,4239
-2038,4234
-2039,4234
-2040,4242
-2041,4237
-2042,4237
-2043,4244
-2044,4242
-2045,4230
-2046,4234
-2047,4230
-2048,4232
-2049,4231
-2050,4239
-2051,4239
-2052,4245
-2053,4246
-2054,4245
-2055,4241
-2056,4239
-2057,4233
-2058,4243
-2059,4242
-2060,4241
-2061,4231
-2062,4238
-2063,4234
-2064,4241
-2065,4227
-2066,4238
-2067,4231
-2068,4237
-2069,4232
-2070,4239
-2071,4239
-2072,4240
-2073,4240
-2074,4239
-2075,4242
-2076,4234
-2077,4229
-2078,4231
-2079,4235
-2080,4238
-2081,4239
-2082,4236
-2083,4241
-2084,4231
-2085,4238
-2086,4239
-2087,4225
-2088,4241
-2089,4237
-2090,4238
-2091,4241
-2092,4226
-2093,4239
-2094,4232
-2095,4243
-2096,4239
-2097,4234
-2098,4236
-2099,4231
-2100,4220
-2101,4238
-2102,4234
-2103,4238
-2104,4234
-2105,4236
-2106,4243
-2107,4246
-2108,4251
-2109,4234
-2110,4247
-2111,4228
-2112,4239
-2113,4223
-2114,4226
-2115,4235
-2116,4232
-2117,4229
-2118,4230
-2119,4235
-2120,4231
-2121,4237
-2122,4234
-2123,4226
-2124,4224
-2125,4233
-2126,4229
-2127,4235
-2128,4234
-2129,4231
-2130,4222
-2131,4225
-2132,4235
-2133,4229
-2134,4225
-2135,4226
-2136,4225
-2137,4229
-2138,4234
-2139,4230
-2140,4222
-2141,4219
-2142,4235
-2143,4230
-2144,4234
-2145,4223
-2146,4229
-2147,4240
-2148,4239
-2149,4249
-2150,4227
-2151,4229
-2152,4226
-2153,4227
-2154,4228
-2155,4240
-2156,4238
-2157,4238
-2158,4236
-2159,4236
-2160,4231
-2161,4233
-2162,4226
-2163,4237
-2164,4240
-2165,4235
-2166,4239
-2167,4240
-2168,4224
-2169,4236
-2170,4233
-2171,4228
-2172,4230
-2173,4233
-2174,4236
-2175,4243
-2176,4230
-2177,4225
-2178,4233
-2179,4245
-2180,4233
-2181,4223
-2182,4228
-2183,4233
-2184,4227
-2185,4229
-2186,4236
-2187,4233
-2188,4231
-2189,4226
-2190,4232
-2191,4232
-2192,4231
-2193,4231
-2194,4233
-2195,4247
-2196,4222
-2197,4244
-2198,4232
-2199,4231
-2200,4239
-2201,4236
-2202,4228
-2203,4222
-2204,4234
-2205,4229
-2206,4230
-2207,4234
-2208,4225
-2209,4236
-2210,4230
-2211,4219
-2212,4236
-2213,4226
-2214,4232
-2215,4217
-2216,4230
-2217,4230
-2218,4223
-2219,4228
-2220,4232
-2221,4217
-2222,4228
-2223,4235
-2224,4228
-2225,4234
-2226,4229
-2227,4224
-2228,4221
-2229,4228
-2230,4226
-2231,4227
-2232,4232
-2233,4229
-2234,4227
-2235,4213
-2236,4235
-2237,4221
-2238,4240
-2239,4224
-2240,4231
-2241,4220
-2242,4226
-2243,4231
-2244,4227
-2245,4233
-2246,4227
-2247,4233
-2248,4223
-2249,4221
-2250,4231
-2251,4228
-2252,4228
-2253,4233
-2254,4222
-2255,4233
-2256,4240
-2257,4245
-2258,4238
-2259,4225
-2260,4240
-2261,4221
-2262,4232
-2263,4219
-2264,4234
-2265,4225
-2266,4224
-2267,4236
-2268,4226
-2269,4234
-2270,4226
-2271,4237
-2272,4236
-2273,4224
-2274,4238
-2275,4229
-2276,4235
-2277,4229
-2278,4235
-2279,4233
-2280,4220
-2281,4235
-2282,4224
-2283,4238
-2284,4221
-2285,4235
-2286,4242
-2287,4215
-2288,4221
-2289,4223
-2290,4232
-2291,4226
-2292,4227
-2293,4236
-2294,4224
-2295,4225
-2296,4224
-2297,4239
-2298,4237
-2299,4239
-2300,4224
-2301,4222
-2302,4220
-2303,4226
-2304,4236
-2305,4232
-2306,4230
-2307,4230
-2308,4238
-2309,4235
-2310,4228
-2311,4240
-2312,4241
-2313,4242
-2314,4227
-2315,4236
-2316,4239
-2317,4230
-2318,4232
-2319,4238
-2320,4239
-2321,4240
-2322,4233
-2323,4228
-2324,4223
-2325,4237
-2326,4228
-2327,4236
-2328,4227
-2329,4230
-2330,4230
-2331,4230
-2332,4234
-2333,4225
-2334,4226
-2335,4225
-2336,4238
-2337,4230
-2338,4231
-2339,4238
-2340,4229
-2341,4234
-2342,4240
-2343,4241
-2344,4238
-2345,4233
-2346,4239
-2347,4231
-2348,4223
-2349,4241
-2350,4228
-2351,4225
-2352,4214
-2353,4226
-2354,4233
-2355,4234
-2356,4237
-2357,4230
-2358,4226
-2359,4222
-2360,4220
-2361,4229
-2362,4228
-2363,4220
-2364,4225
-2365,4221
-2366,4215
-2367,4231
-2368,4229
-2369,4219
-2370,4224
-2371,4226
-2372,4234
-2373,4234
-2374,4227
-2375,4230
-2376,4238
-2377,4221
-2378,4229
-2379,4230
-2380,4231
-2381,4233
-2382,4222
-2383,4226
-2384,4226
-2385,4228
-2386,4231
-2387,4224
-2388,4217
-2389,4231
-2390,4225
-2391,4231
-2392,4223
-2393,4229
-2394,4212
-2395,4211
-2396,4233
-2397,4222
-2398,4226
-2399,4228
-2400,4237
-2401,4221
-2402,4223
-2403,4224
-2404,4228
-2405,4234
-2406,4234
-2407,4228
-2408,4232
-2409,4230
-2410,4232
-2411,4226
-2412,4224
-2413,4213
-2414,4218
-2415,4228
-2416,4216
-2417,4223
-2418,4222
-2419,4227
-2420,4226
-2421,4222
-2422,4221
-2423,4226
-2424,4218
-2425,4229
-2426,4225
-2427,4229
-2428,4221
-2429,4236
-2430,4225
-2431,4216
-2432,4232
-2433,4219
-2434,4224
-2435,4235
-2436,4223
-2437,4226
-2438,4223
-2439,4224
-2440,4234
-2441,4219
-2442,4224
-2443,4226
-2444,4231
-2445,4230
-2446,4238
-2447,4230
-2448,4233
-2449,4229
-2450,4216
-2451,4225
-2452,4226
-2453,4236
-2454,4212
-2455,4225
-2456,4220
-2457,4236
-2458,4211
-2459,4230
-2460,4230
-2461,4228
-2462,4217
-2463,4225
-2464,4223
-2465,4229
-2466,4213
-2467,4234
-2468,4231
-2469,4226
-2470,4234
-2471,4226
-2472,4225
-2473,4226
-2474,4234
-2475,4231
-2476,4226
-2477,4233
-2478,4237
-2479,4234
-2480,4217
-2481,4235
-2482,4234
-2483,4234
-2484,4232
-2485,4240
-2486,4238
-2487,4225
-2488,4249
-2489,4228
-2490,4236
-2491,4226
-2492,4241
-2493,4243
-2494,4240
-2495,4229
-2496,4232
-2497,4242
-2498,4233
-2499,4230
-2500,4222
-2501,4234
-2502,4242
-2503,4226
-2504,4228
-2505,4240
-2506,4238
-2507,4226
-2508,4234
-2509,4234
-2510,4234
-2511,4233
-2512,4238
-2513,4216
-2514,4238
-2515,4226
-2516,4225
-2517,4231
-2518,4231
-2519,4238
-2520,4234
-2521,4233
-2522,4238
-2523,4227
-2524,4231
-2525,4227
-2526,4233
-2527,4228
-2528,4223
-2529,4228
-2530,4240
-2531,4230
-2532,4234
-2533,4233
-2534,4236
-2535,4234
-2536,4231
-2537,4223
-2538,4229
-2539,4240
-2540,4238
-2541,4236
-2542,4232
-2543,4232
-2544,4239
-2545,4232
-2546,4231
-2547,4241
-2548,4225
-2549,4230
-2550,4225
-2551,4239
-2552,4241
-2553,4251
-2554,4235
-2555,4228
-2556,4239
-2557,4226
-2558,4233
-2559,4235
-2560,4234
-2561,4226
-2562,4215
-2563,4224
-2564,4237
-2565,4237
-2566,4225
-2567,4233
-2568,4238
-2569,4239
-2570,4229
-2571,4231
-2572,4225
-2573,4235
-2574,4221
-2575,4240
-2576,4230
-2577,4234
-2578,4250
-2579,4236
-2580,4232
-2581,4235
-2582,4237
-2583,4234
-2584,4244
-2585,4240
-2586,4235
-2587,4241
-2588,4244
-2589,4237
-2590,4236
-2591,4228
-2592,4253
-2593,4225
-2594,4243
-2595,4243
-2596,4231
-2597,4232
-2598,4235
-2599,4244
-2600,4240
-2601,4241
-2602,4238
-2603,4243
-2604,4239
-2605,4239
-2606,4236
-2607,4244
-2608,4245
-2609,4235
-2610,4233
-2611,4243
-2612,4240
-2613,4233
-2614,4230
-2615,4231
-2616,4242
-2617,4237
-2618,4240
-2619,4241
-2620,4246
-2621,4233
-2622,4237
-2623,4239
-2624,4231
-2625,4246
-2626,4220
-2627,4228
-2628,4235
-2629,4224
-2630,4231
-2631,4237
-2632,4225
-2633,4232
-2634,4234
-2635,4224
-2636,4236
-2637,4229
-2638,4226
-2639,4227
-2640,4233
-2641,4236
-2642,4227
-2643,4229
-2644,4237
-2645,4221
-2646,4230
-2647,4218
-2648,4224
-2649,4228
-2650,4239
-2651,4228
-2652,4228
-2653,4235
-2654,4229
-2655,4232
-2656,4243
-2657,4227
-2658,4221
-2659,4231
-2660,4224
-2661,4232
-2662,4230
-2663,4227
-2664,4221
-2665,4228
-2666,4240
-2667,4231
-2668,4221
-2669,4232
-2670,4229
-2671,4224
-2672,4222
-2673,4220
-2674,4230
-2675,4225
-2676,4230
-2677,4239
-2678,4226
-2679,4233
-2680,4224
-2681,4215
-2682,4223
-2683,4227
-2684,4225
-2685,4231
-2686,4240
-2687,4219
-2688,4221
-2689,4230
-2690,4228
-2691,4228
-2692,4236
-2693,4225
-2694,4234
-2695,4244
-2696,4227
-2697,4235
-2698,4246
-2699,4224
-2700,4227
-2701,4229
-2702,4223
-2703,4230
-2704,4231
-2705,4233
-2706,4234
-2707,4228
-2708,4240
-2709,4237
-2710,4234
-2711,4232
-2712,4233
-2713,4229
-2714,4222
-2715,4225
-2716,4226
-2717,4235
-2718,4232
-2719,4227
-2720,4227
-2721,4241
-2722,4241
-2723,4224
-2724,4239
-2725,4240
-2726,4222
-2727,4232
-2728,4238
-2729,4232
-2730,4232
-2731,4229
-2732,4234
-2733,4229
-2734,4237
-2735,4230
-2736,4238
-2737,4231
-2738,4235
-2739,4238
-2740,4231
-2741,4238
-2742,4245
-2743,4234
-2744,4225
-2745,4230
-2746,4229
-2747,4238
-2748,4215
-2749,4208
-2750,4232
-2751,4231
-2752,4227
-2753,4236
-2754,4234
-2755,4240
-2756,4227
-2757,4234
-2758,4229
-2759,4232
-2760,4247
-2761,4233
-2762,4236
-2763,4244
-2764,4245
-2765,4242
-2766,4241
-2767,4242
-2768,4238
-2769,4236
-2770,4242
-2771,4233
-2772,4244
-2773,4245
-2774,4247
-2775,4250
-2776,4248
-2777,4252
-2778,4238
-2779,4236
-2780,4249
-2781,4248
-2782,4233
-2783,4249
-2784,4236
-2785,4236
-2786,4237
-2787,4237
-2788,4229
-2789,4224
-2790,4232
-2791,4235
-2792,4235
-2793,4228
-2794,4227
-2795,4230
-2796,4234
-2797,4227
-2798,4234
-2799,4221
-2800,4228
-2801,4243
-2802,4226
-2803,4223
-2804,4231
-2805,4235
-2806,4225
-2807,4219
-2808,4224
-2809,4235
-2810,4240
-2811,4231
-2812,4237
-2813,4234
-2814,4233
-2815,4227
-2816,4225
-2817,4219
-2818,4230
-2819,4229
-2820,4220
-2821,4216
-2822,4222
-2823,4220
-2824,4230
-2825,4225
-2826,4216
-2827,4230
-2828,4225
-2829,4225
-2830,4228
-2831,4238
-2832,4232
-2833,4222
-2834,4238
-2835,4229
-2836,4235
-2837,4219
-2838,4219
-2839,4227
-2840,4225
-2841,4229
-2842,4219
-2843,4220
-2844,4239
-2845,4237
-2846,4223
-2847,4232
-2848,4225
-2849,4224
-2850,4217
-2851,4222
-2852,4219
-2853,4219
-2854,4215
-2855,4216
-2856,4235
-2857,4221
-2858,4226
-2859,4237
-2860,4218
-2861,4239
-2862,4235
-2863,4226
-2864,4227
-2865,4221
-2866,4232
-2867,4225
-2868,4219
-2869,4235
-2870,4225
-2871,4236
-2872,4231
-2873,4233
-2874,4220
-2875,4230
-2876,4233
-2877,4232
-2878,4226
-2879,4224
-2880,4228
-2881,4218
-2882,4230
-2883,4236
-2884,4220
-2885,4229
-2886,4225
-2887,4223
-2888,4221
-2889,4227
-2890,4227
-2891,4219
-2892,4219
-2893,4222
-2894,4230
-2895,4232
-2896,4231
-2897,4222
-2898,4242
-2899,4237
-2900,4231
-2901,4235
-2902,4230
-2903,4231
-2904,4238
-2905,4237
-2906,4236
-2907,4230
-2908,4227
-2909,4228
-2910,4232
-2911,4242
-2912,4227
-2913,4236
-2914,4228
-2915,4234
-2916,4234
-2917,4230
-2918,4228
-2919,4231
-2920,4232
-2921,4239
-2922,4239
-2923,4239
-2924,4240
-2925,4241
-2926,4220
-2927,4224
-2928,4247
-2929,4221
-2930,4231
-2931,4246
-2932,4236
-2933,4239
-2934,4242
-2935,4243
-2936,4245
-2937,4235
-2938,4228
-2939,4223
-2940,4233
-2941,4229
-2942,4242
-2943,4244
-2944,4230
-2945,4236
-2946,4228
-2947,4243
-2948,4237
-2949,4235
-2950,4240
-2951,4237
-2952,4223
-2953,4227
-2954,4244
-2955,4245
-2956,4239
-2957,4230
-2958,4231
-2959,4237
-2960,4236
-2961,4225
-2962,4225
-2963,4234
-2964,4229
-2965,4239
-2966,4230
-2967,4232
-2968,4238
-2969,4244
-2970,4231
-2971,4235
-2972,4237
-2973,4230
-2974,4233
-2975,4237
-2976,4229
-2977,4233
-2978,4223
-2979,4239
-2980,4231
-2981,4219
-2982,4226
-2983,4230
-2984,4238
-2985,4236
-2986,4238
-2987,4240
-2988,4233
-2989,4235
-2990,4230
-2991,4224
-2992,4232
-2993,4239
-2994,4224
-2995,4228
-2996,4234
-2997,4238
-2998,4234
-2999,4234
-3000,4222
-3001,4237
-3002,4242
-3003,4231
-3004,4241
-3005,4230
-3006,4220
-3007,4235
-3008,4225
-3009,4226
-3010,4231
-3011,4223
-3012,4236
-3013,4227
-3014,4225
-3015,4231
-3016,4229
-3017,4229
-3018,4225
-3019,4232
-3020,4227
-3021,4226
-3022,4228
-3023,4224
-3024,4238
-3025,4214
-3026,4227
-3027,4226
-3028,4240
-3029,4235
-3030,4225
-3031,4224
-3032,4224
-3033,4228
-3034,4233
-3035,4235
-3036,4236
-3037,4226
-3038,4225
-3039,4229
-3040,4228
-3041,4234
-3042,4232
-3043,4225
-3044,4232
-3045,4230
-3046,4225
-3047,4240
-3048,4236
-3049,4221
-3050,4219
-3051,4225
-3052,4229
-3053,4221
-3054,4230
-3055,4237
-3056,4234
-3057,4230
-3058,4230
-3059,4225
-3060,4239
-3061,4221
-3062,4228
-3063,4235
